BJD - 2454833, Corrected Flux
2061.305458931, 1.004216804,
2061.325891110, 1.002591222,
2061.346323189, 1.003172228,
2061.366755168, 1.002777562,
2061.387187346, 1.000696651,
2061.407619424, 0.999871273,
2061.428051601, 0.999229304,
2061.489347831, 1.006485099,
2061.509779807, 1.004947972,
2061.530211882, 1.003996981,
2061.550644057, 1.003413200,
2061.571076132, 1.003276588,
2061.591508106, 1.001649151,
2061.611940279, 1.000404260,
2061.632372352, 0.997339977,
2061.652804326, 0.996190256,
2061.673236498, 0.995144245,
2061.693668570, 0.993581192,
2061.714100641, 0.993152002,
2061.734532712, 0.992187960,
2061.754964783, 0.990227662,
2061.775396853, 0.989303836,
2061.795828923, 0.988433819,
2061.816260993, 0.988491716,
2061.836693062, 0.989389721,
2061.857125130, 0.990476119,
2061.877557099, 0.989501564,
2061.897989266, 0.990178136,
2061.918421334, 0.990316370,
2061.938853401, 0.990602114,
2061.959285467, 0.990059803,
2061.979717534, 0.992187467,
2062.000149699, 0.991963231,
2062.020581665, 0.994939706,
2062.041013730, 0.994191511,
2062.061445894, 0.995779463,
2062.081877859, 0.997418614,
2062.102309922, 0.997104352,
2062.122742085, 0.998141059,
2062.143174148, 0.999956720,
2062.163606111, 1.002854635,
2062.224902296, 0.995960976,
2062.245334456, 0.995203887,
2062.265766517, 0.998328262,
2062.286198477, 0.998222000,
2062.306630636, 0.998994686,
2062.327062696, 0.998957158,
2062.347494854, 0.999453713,
2062.367926813, 1.000812038,
2062.388358871, 1.001640216,
2062.408791028, 1.000667147,
2062.429222985, 1.003188996,
2062.449655042, 1.003628518,
2062.470087098, 1.006043595,
2062.490519154, 1.005416139,
2062.510951210, 1.004807795,
2062.531383265, 1.004741447,
2062.551815319, 1.006094357,
2062.572247374, 1.006049476,
2062.592679428, 1.007820648,
2062.613111481, 1.005029463,
2062.633543534, 1.004213733,
2062.653975687, 1.003454431,
2062.674407639, 1.002930372,
2062.694839791, 1.002802311,
2062.715271842, 1.003265063,
2062.735703793, 1.002859974,
2062.756135944, 1.003071005,
2062.776567994, 1.003654541,
2062.796999944, 1.003155569,
2062.817432093, 1.002991794,
2062.837864142, 1.003358710,
2062.858296091, 1.002676491,
2062.878728239, 1.002339475,
2062.899160287, 1.001120271,
2062.919592234, 1.000944130,
2062.940024381, 0.999878827,
2062.960456427, 0.998147566,
2062.980888474, 0.998150078,
2063.001320519, 0.999022894,
2063.021752565, 0.999553889,
2063.042184610, 0.999373051,
2063.062616654, 0.999629665,
2063.083048698, 1.000618130,
2063.103480842, 1.002791909,
2063.123912885, 1.001401939,
2063.144344828, 1.002731435,
2063.164776971, 1.003056218,
2063.185209013, 1.003122092,
2063.205640954, 1.003008937,
2063.226073096, 1.003311055,
2063.246505037, 1.003056200,
2063.266937077, 1.003810606,
2063.287369217, 1.003373505,
2063.307801157, 1.003483656,
2063.328233196, 1.003332850,
2063.348665335, 1.004519580,
2063.369097274, 1.005813772,
2063.389529311, 1.005688123,
2063.409961449, 1.004673354,
2063.430393386, 1.005189250,
2063.450825424, 1.006263720,
2063.471257560, 1.007485612,
2063.491689596, 1.008633054,
2063.512121632, 1.009248543,
2063.532553667, 1.011475954,
2063.552985702, 1.010672132,
2063.573417736, 1.010544658,
2063.593849770, 1.010199610,
2063.614281804, 1.007619188,
2063.634713937, 1.005747770,
2063.696010035, 0.997339424,
2063.716441966, 0.997636944,
2063.736873997, 0.997147720,
2063.757306128, 0.995780798,
2063.777738059, 0.993493780,
2063.798170089, 0.993743161,
2063.818602218, 0.992682446,
2063.839034148, 0.991842181,
2063.859466177, 0.991311405,
2063.879898305, 0.991892658,
2063.900330233, 0.991763171,
2063.920762361, 0.990088112,
2063.941194388, 0.990678257,
2063.961626315, 0.990382972,
2063.982058441, 0.990294378,
2064.002490467, 0.990342179,
2064.022922394, 0.990169854,
2064.063786543, 0.990650305,
2064.084218468, 0.989847602,
2064.104650592, 0.990002613,
2064.554155023, 0.998455703,
2064.574587138, 0.998134984,
2064.595019152, 0.998452342,
2064.615451066, 0.997939655,
2064.635883180, 0.998370694,
2064.656315194, 0.998898497,
2064.738043144, 0.996393773,
2064.758475255, 0.997047476,
2064.778907166, 0.997030974,
2064.799339277, 0.992841166,
2064.819771288, 0.995403329,
2064.840203298, 0.994848205,
2064.860635307, 0.996645854,
2064.921931333, 0.995709521,
2064.942363341, 0.997208217,
2064.962795349, 0.997058828,
2064.983227456, 0.997110951,
2065.003659363, 0.997700534,
2065.024091370, 0.998787503,
2065.044523476, 0.998383000,
2065.064955381, 0.999356300,
2065.085387387, 0.998962768,
2065.105819491, 1.000233071,
2065.126251396, 1.001016813,
2065.146683400, 1.001864033,
2065.167115504, 1.002333222,
2065.187547407, 1.002701275,
2065.207979510, 1.005706124,
2065.228411513, 1.006021238,
2065.248843415, 1.008010090,
2065.269275517, 1.008391457,
2065.289707518, 1.008386803,
2065.310139519, 1.009417909,
2065.330571520, 1.009781972,
2065.351003520, 1.010753850,
2065.371435520, 1.012367786,
2065.391867519, 1.011699086,
2065.412299519, 1.012361447,
2065.432731517, 1.012607942,
2065.453163515, 1.012604130,
2065.473595514, 1.011282402,
2065.494027411, 1.011681364,
2065.514459508, 1.012404014,
2065.534891505, 1.010557316,
2065.555323401, 1.009436458,
2065.575755498, 1.008100026,
2065.596187493, 1.007899458,
2065.657483478, 1.006125908,
2065.677915572, 1.007212244,
2065.698347466, 1.010118866,
2065.718779459, 1.012934595,
2065.739211552, 1.017013347,
2065.759643445, 1.019051552,
2065.780075437, 1.020461125,
2065.800507528, 1.019864046,
2065.820939520, 1.019610927,
2065.841371411, 1.017181252,
2065.861803502, 1.014632948,
2065.882235492, 1.012388206,
2065.902667382, 1.009953184,
2065.923099471, 1.008817594,
2065.943531460, 1.006938630,
2065.963963349, 1.004918310,
2065.984395437, 1.004491034,
2066.004827426, 1.001649992,
2066.025259313, 1.001422447,
2066.045691400, 1.000376136,
2066.066123387, 0.997717306,
2066.086555473, 0.995730088,
2066.147851331, 0.993817738,
2066.168283316, 0.994210169,
2066.188715300, 0.993379594,
2066.209147284, 0.993398485,
2066.229579268, 0.991654758,
2066.250011252, 0.992503021,
2066.270443235, 0.994311392,
2066.290875217, 0.995001740,
2066.311307200, 0.994214589,
2066.331739281, 0.992177544,
2066.393035225, 0.996049718,
2066.413467105, 0.997319586,
2066.433899085, 0.996492756,
2066.454331165, 0.994118237,
2066.474763044, 0.994541637,
2066.495195023, 0.993916152,
2066.515627102, 0.992957812,
2066.536058980, 0.993094404,
2066.556491058, 0.997870813,
2066.576923035, 0.990264760,
2066.597354912, 0.991741675,
2066.617786989, 0.990499009,
2066.638218965, 0.990709399,
2066.658650941, 0.989926379,
2066.679082917, 0.990241506,
2066.699514892, 0.989780520,
2066.719946866, 0.989797820,
2066.740378841, 0.989226638,
2066.760810815, 0.991770621,
2066.781242789, 0.993041270,
2066.801674862, 0.991821322,
2066.822106735, 0.990427114,
2066.862970679, 0.995248029,
2066.883402651, 0.994713618,
2066.903834623, 0.992907236,
2066.924266694, 0.992228362,
2066.944698564, 0.991839110,
2066.965130435, 0.990904448,
2066.985562504, 0.991038859,
2067.005994474, 0.990167372,
2067.026426543, 0.989237653,
2067.046858412, 0.988803539,
2067.067290380, 1.004683055,
2067.087722448, 0.993010600,
2067.108154316, 0.989981890,
2067.128586284, 0.992321786,
2067.149018350, 0.992589220,
2067.169450317, 0.992952150,
2067.189882183, 0.999330555,
2067.210314249, 0.996919125,
2067.230746214, 0.999372453,
2067.251178079, 0.997619837,
2067.271610144, 0.996846701,
2067.292042109, 0.993851695,
2067.312473973, 0.994469852,
2067.353337999, 1.007865052,
2067.373769862, 1.008584922,
2067.394201925, 1.008505795,
2067.414633887, 1.010312274,
2067.435065749, 1.009087328,
2067.455497810, 1.010705883,
2067.475929771, 1.012252568,
2067.496361832, 1.010935029,
2067.516793692, 1.011423334,
2067.537225652, 1.012469407,
2067.557657712, 1.012498852,
2067.578089571, 1.013630830,
2067.598521530, 1.013128520,
2067.618953488, 1.014462034,
2067.639385546, 1.015315736,
2067.659817404, 1.014940528,
2067.680249361, 1.015421280,
2067.700681318, 1.014199675,
2067.721113274, 1.011773188,
2067.741545331, 1.008507753,
2067.761977187, 1.006400098,
2067.782409142, 1.002345389,
2067.802841197, 0.998158539,
2067.864137060, 1.012831738,
2067.884568914, 1.011681302,
2067.905000968, 1.011501108,
2067.925432921, 1.009574374,
2067.945864773, 1.009730048,
2067.966296825, 1.007610665,
2067.986728777, 1.006321869,
2068.007160729, 1.004463235,
2068.027592680, 1.005584225,
2068.048024631, 1.004238307,
2068.129752430, 1.000810816,
2068.150184479, 1.002232512,
2068.170616328, 1.001887784,
2068.191048276, 1.001909499,
2068.211480324, 1.001072364,
2068.231912171, 1.002220880,
2068.252344119, 1.001139835,
2068.272776165, 1.000914656,
2068.293208012, 1.000484292,
2068.313639958, 1.000876451,
2068.334072003, 1.000319278,
2068.354503849, 0.998753959,
2068.374935894, 0.997310784,
2068.395367739, 0.997160696,
2068.415799683, 0.996113375,
2068.436231726, 0.994618196,
2068.456663570, 0.994308421,
2068.477095513, 0.993348081,
2068.497527556, 0.992342817,
2068.517959399, 0.990691625,
2068.538391340, 0.991115921,
2068.558823382, 0.991173647,
2068.579255324, 0.991750407,
2068.599687165, 0.992649572,
2068.620119205, 0.991748460,
2068.640551146, 0.989672962,
2068.660982985, 0.989723966,
2068.681415025, 0.988643857,
2068.701846964, 0.989989635,
2068.722278803, 0.988655344,
2068.742710842, 0.989806447,
2068.763142780, 0.987591991,
2068.783574818, 0.987793425,
2068.844870629, 0.989070758,
2068.865302466, 0.990824569,
2068.885734401, 0.991487905,
2068.906166437, 0.992055217,
2068.926598272, 0.990430559,
2068.947030207, 0.990869013,
2068.967462242, 0.989244125,
2068.987894176, 0.988395282,
2069.008326010, 0.987306262,
2069.028758043, 0.988173974,
2069.049189976, 0.988288839,
2069.069621809, 0.987730753,
2069.090053842, 0.987846632,
2069.110485674, 0.987720424,
2069.130917606, 0.988731170,
2069.151349637, 0.989443036,
2069.171781568, 0.988762392,
2069.192213399, 0.989016396,
2069.212645429, 0.991953033,
2069.233077259, 0.992247499,
2069.253509289, 0.992175397,
2069.273941218, 0.991242589,
2069.314805076, 0.993993170,
2069.335237003, 0.995147468,
2069.355668832, 1.001502142,
2069.376100859, 1.000133319,
2069.396532786, 1.000900355,
2069.416964713, 1.002040169,
2069.437396639, 1.002260636,
2069.457828566, 1.003261186,
2069.478260491, 1.007194558,
2069.498692417, 1.007967288,
2069.519124342, 1.005831778,
2069.580420115, 1.017022628,
2069.600852038, 1.015415455,
2069.621284062, 1.013884619,
2069.641715885, 1.014360311,
2069.662147907, 1.012684411,
2069.682579829, 1.014562947,
2069.703011651, 1.012663748,
2069.723443673, 1.014559987,
2069.743875594, 1.014092526,
2069.764307415, 1.014303101,
2069.784739435, 1.015241850,
2069.805171356, 1.016444434,
2069.846035195, 1.016584855,
2069.866467014, 1.009339113,
2069.907330951, 1.002805194,
2069.927762869, 1.001914382,
2069.948194687, 1.000242071,
2069.968626704, 1.001380511,
2069.989058621, 1.000932375,
2070.009490438, 1.000392068,
2070.091218201, 1.014405716,
2070.111650116, 1.013919027,
2070.132082131, 1.013058561,
2070.152513945, 1.012674194,
2070.172945859, 1.010868281,
2070.193377872, 1.011261613,
2070.213809685, 1.010370061,
2070.234241598, 1.008052899,
2070.254673611, 1.004472287,
2070.275105423, 1.004856248,
2070.295537335, 1.003113270,
2070.315969346, 1.002472012,
2070.336401157, 1.002402028,
2070.377265078, 1.002294723,
2070.397696989, 1.003089212,
2070.418128798, 1.001091544,
2070.438560808, 1.001352426,
2070.458992717, 1.001420327,
2070.479424526, 0.997958689,
2070.540720450, 1.001946290,
2070.561152257, 1.006237060,
2070.581584064, 1.002696401,
2070.602016071, 1.002888577,
2070.622447977, 1.003141969,
2070.642879783, 0.999979949,
2070.663311789, 0.999522064,
2070.683743694, 0.997985503,
2070.704175499, 0.996663980,
2070.724607504, 0.996242635,
2070.745039408, 0.995697519,
2070.765471312, 0.999077094,
2070.785903216, 0.995060680,
2070.806335119, 0.996253622,
2070.826767022, 0.992460196,
2070.847198924, 0.995538965,
2070.867630826, 0.992009714,
2070.888062728, 0.990742878,
2070.908494730, 0.987208610,
2070.928926531, 0.983026396,
2070.949358532, 0.977879092,
2070.969790433, 0.977154726,
2071.031086132, 0.990228820,
2071.051517932, 0.990727053,
2071.071949930, 0.990313257,
2071.112813627, 0.989468314,
2071.133245625, 0.991111096,
2071.153677523, 0.989731787,
2071.174109320, 0.991031996,
2071.194541316, 0.990574743,
2071.214973213, 0.987113620,
2071.235405109, 0.985517048,
2071.296700796, 0.988716453,
2071.317132691, 0.989958481,
2071.337564585, 0.990794252,
2071.357996479, 0.998357818,
2071.378428373, 0.996451777,
2071.398860266, 0.995663886,
2071.419292260, 0.993755651,
2071.439724052, 0.995095496,
2071.460155945, 0.993629380,
2071.480587937, 0.994225747,
2071.501019729, 0.995200946,
2071.521451620, 0.998625992,
2071.541883611, 0.996887407,
2071.562315402, 0.997605464,
2071.582747293, 1.005229111,
2071.603179283, 1.002661577,
2071.623611073, 1.004539757,
2071.644042962, 1.006856774,
2071.664474951, 1.008402492,
2071.684906740, 1.031884656,
2071.725770617, 1.011350150,
2071.746202505, 1.014874789,
2071.766634392, 1.016848668,
2071.827930052, 1.013662474,
2071.848361939, 1.002128826,
2071.868793824, 1.006016587,
2071.889225810, 1.004684254,
2071.909657595, 1.007193794,
2071.930089480, 1.006472329,
2071.950521465, 1.004954967,
2071.970953249, 1.005325028,
2072.052680782, 1.008904260,
2072.073112665, 1.007892527,
2072.093544547, 1.010343763,
2072.134408310, 1.011422672,
2072.154840191, 1.011158455,
2072.175272072, 1.008553856,
2072.195703953, 1.006247072,
2072.216135833, 1.004046810,
2072.236567813, 1.004362155,
2072.256999693, 1.000628807,
2072.277431472, 0.999132407,
2072.297863451, 0.997346599,
2072.318295329, 0.996049294,
2072.338727108, 0.997722261,
2072.359159085, 1.008325893,
2072.379590963, 0.994552950,
2072.400022741, 0.994186316,
2072.420454717, 0.994115919,
2072.440886594, 0.994041887,
2072.461318371, 0.989808191,
2072.502182222, 1.000083815,
2072.522613997, 0.996959429,
2072.543045972, 0.997893611,
2072.583909721, 0.997566122,
2072.604341595, 0.996731765,
2072.624773469, 0.996434940,
2072.645205443, 0.996301085,
2072.665637216, 0.996013842,
2072.686069089, 0.995319527,
2072.706501061, 0.993908224,
2072.747364705, 1.011309330,
2072.767796676, 0.997932602,
2072.788228547, 0.995210823,
2072.808660318, 0.995354564,
2072.849524059, 0.993376612,
2072.869955929, 0.996209961,
2072.890387898, 0.995730729,
2072.910819667, 0.995933932,
2072.931251536, 0.995386440,
2072.951683505, 0.996802610,
2072.972115273, 0.996174972,
2072.992547141, 0.993536010,
2073.012979108, 0.993082018,
2073.033410876, 0.993277066,
2073.053842843, 0.992511854,
2073.074274709, 0.990633546,
2073.094706576, 0.989051574,
2073.115138442, 0.990219329,
2073.135570307, 0.989945213,
2073.176434038, 0.989290682,
2073.196865903, 0.990489287,
2073.258161495, 0.986601071,
2073.278593358, 0.988812617,
2073.299025321, 0.988553249,
2073.319457084, 0.987479393,
2073.339888946, 0.985667118,
2073.360320909, 0.992457464,
2073.380752671, 0.987637474,
2073.401184532, 0.986234274,
2073.421616393, 0.984242163,
2073.442048254, 0.981595877,
2073.462480215, 0.982362213,
2073.503343835, 0.983893555,
2073.523775795, 0.982993506,
2073.544207554, 0.982129571,
2073.564639413, 0.982132255,
2073.585071372, 0.983808400,
2073.605503230, 0.985791709,
2073.625934988, 0.986065945,
2073.646366946, 0.985406330,
2073.666798803, 0.987850729,
2073.687230560, 0.989887770,
2073.748526130, 0.998208992,
2073.768958086, 0.996542548,
2073.789389941, 0.997710772,
2073.830253651, 0.998281327,
2073.850685506, 0.997728842,
2073.871117460, 0.998532237,
2073.891549214, 1.000088847,
2073.911981068, 0.997308366,
2073.932413021, 1.000295588,
2073.993708580, 1.001642531,
2074.014140331, 1.005050416,
2074.034572183, 1.005306926,
2074.055004135, 1.004424318,
2074.075435986, 1.003869649,
2074.095867737, 1.002741080,
2074.116299687, 1.002073671,
2074.136731438, 1.001719296,
2074.157163288, 1.001955045,
2074.177595237, 1.002676368,
2074.238890784, 1.000901524,
2074.259322532, 1.000146992,
2074.279754381, 0.998633617,
2074.300186328, 1.000707465,
2074.320618076, 1.000962491,
2074.341050023, 0.999824111,
2074.361481870, 0.999697250,
2074.381913616, 0.998123578,
2074.402345563, 0.997990652,
2074.422777408, 0.996037186,
2074.443209254, 0.993760700,
2074.463641099, 0.992809703,
2074.484072944, 0.992144401,
2074.504504789, 0.992085522,
2074.524936633, 0.991614351,
2074.545368477, 0.989480823,
2074.565800321, 0.988270088,
2074.586232265, 0.989812349,
2074.606664008, 0.989251818,
2074.627095851, 0.989879699,
2074.647527793, 0.990171546,
2074.667959535, 0.992987818,
2074.708823319, 0.997319426,
2074.729255060, 0.995525570,
2074.749687001, 0.996415610,
2074.770118842, 0.997790603,
2074.790550582, 0.998441099,
2074.810982523, 0.997631152,
2074.831414362, 0.997181966,
2074.851846102, 0.996589249,
2074.872278041, 0.998287048,
2074.892709780, 0.997822742,
2074.913141618, 0.998333207,
2074.954005295, 1.003255149,
2074.974437132, 1.001061076,
2074.994869070, 1.003586721,
2075.015300907, 1.003192304,
2075.035732643, 1.004688745,
2075.056164580, 1.002918308,
2075.076596416, 1.004180511,
2075.117460087, 1.002201099,
2075.137891923, 1.001770897,
2075.158323857, 1.000693516,
2075.178755592, 0.999035880,
2075.199187427, 0.997646066,
2075.219619361, 1.005449115,
2075.240051094, 1.012209241,
2075.260482928, 1.004058801,
2075.280914861, 0.999477388,
2075.301346594, 0.997524544,
2075.321778426, 0.994573984,
2075.342210359, 0.991487706,
2075.362642091, 0.989711344,
2075.383073922, 0.986058879,
2075.403505854, 0.982770683,
2075.464801346, 0.983606745,
2075.485233176, 0.981883609,
2075.505664906, 0.981554112,
2075.526096835, 0.979211507,
2075.546528664, 0.977715749,
2075.587392322, 0.974756483,
2075.607824151, 0.973904450,
2075.628255978, 0.971599922,
2075.648687806, 0.974002967,
2075.709983288, 0.972954264,
2075.730415014, 0.987080664,
2075.750846941, 0.987275934,
2075.771278767, 0.979833475,
2075.791710492, 0.979521964,
2075.812142418, 0.979124514,
2075.832574243, 0.982619722,
2075.853006068, 0.986023613,
2075.873437892, 0.986827429,
2075.893869717, 0.986374381,
2075.955165187, 1.002618665,
2075.975597110, 0.997010796,
2075.996028933, 0.992919430,
2076.016460656, 0.992008163,
2076.036892578, 0.993005505,
2076.057324400, 0.992337509,
2076.077756121, 0.996366420,
2076.098188043, 0.999812349,
2076.118619863, 0.998304510,
2076.159483505, 1.000382992,
2076.179915325, 1.000290717,
2076.200347045, 1.001194194,
2076.220778964, 1.001652375,
2076.241210783, 0.998735735,
2076.261642602, 0.999045953,
2076.282074421, 0.998692951,
2076.302506239, 0.998946567,
2076.322938057, 1.000139240,
2076.343369875, 0.998046291,
2076.363801693, 0.997578731,
2076.384233510, 0.995722434,
2076.425097143, 0.999012363,
2076.445528960, 0.998654889,
2076.465960776, 0.998254712,
2076.486392592, 0.997051154,
2076.506824507, 0.995905333,
2076.527256222, 0.995348927,
2076.547688037, 0.994581239,
2076.568119952, 0.992463249,
2076.588551666, 0.995117894,
2076.608983480, 0.991326613,
2076.629415394, 0.991362598,
2076.670278920, 0.988140214,
2076.690710833, 0.992616695,
2076.711142546, 0.994002127,
2076.731574358, 0.994928178,
2076.752006270, 0.997687258,
2076.772437982, 0.995776763,
2076.792869893, 0.995946787,
2076.813301705, 0.997420365,
2076.833733515, 1.000955486,
2076.854165326, 0.997746222,
2076.874597136, 0.998343204,
2076.915460856, 1.007297959,
2076.935892565, 1.003818158,
2076.956324375, 1.002397334,
2076.976756284, 1.002976386,
2076.997187992, 1.004556792,
2077.017619800, 1.007218405,
2077.038051608, 1.008472973,
2077.058483416, 1.008670963,
2077.078915224, 1.005967075,
2077.099347031, 1.006996135,
2077.119778838, 1.007282118,
2077.140210544, 1.006409849,
2077.160642451, 1.007207196,
2077.181074257, 1.006233150,
2077.201506162, 1.007274267,
2077.221937868, 1.008644905,
2077.242369673, 1.007194910,
2077.262801578, 1.007585538,
2077.283233283, 1.004896517,
2077.303665087, 1.002857281,
2077.324096991, 0.995188733,
2077.344528795, 0.993828209,
2077.364960498, 0.995552190,
2077.426255907, 1.005848131,
2077.446687809, 1.001230830,
2077.467119612, 0.998714907,
2077.487551313, 0.997686773,
2077.507983215, 0.993859142,
2077.528415016, 0.993645533,
2077.548846717, 0.990884008,
2077.569278618, 0.990317560,
2077.589710418, 0.987744377,
2077.610142318, 0.988255071,
2077.671437717, 0.983736586,
2077.691869416, 0.980636253,
2077.712301215, 0.983169501,
2077.732733114, 0.981722595,
2077.753164812, 0.981019129,
2077.773596610, 0.979520514,
2077.794028407, 0.980133674,
2077.814460305, 0.979053310,
2077.834892002, 0.978392490,
2077.855323899, 0.978482228,
2077.937050983, 0.980557099,
2077.957482879, 0.982815368,
2077.977914674, 0.985103645,
2077.998346369, 0.985041397,
2078.018778263, 0.984979786,
2078.039210058, 0.985447831,
2078.059641752, 0.985366720,
2078.080073646, 0.986154003,
2078.100505439, 0.983382248,
2078.161800818, 0.987690031,
2078.182232610, 0.984121897,
2078.202664403, 0.985949106,
2078.223096194, 0.989563096,
2078.243527986, 0.989309085,
2078.263959777, 0.988842563,
2078.284391568, 0.990035807,
2078.325255250, 0.984804140,
2078.366118830, 0.996146270,
2078.406982309, 0.991564749,
2078.447845987, 0.980701858,
2078.529573040, 0.986115728,
2078.590868402, 0.979829838,
2078.672595647, 0.974244322,
2078.733891003, 0.978273511,
2078.774754573, 0.980687474,
2078.815618141, 0.987784805,
2078.836050025, 0.988776656,
2078.897345374, 0.990320521,
2078.938208840, 0.995904167,
2078.979072404, 0.995843695,
2078.999504185, 1.000258939,
2079.040367748, 1.002563338,
2079.060799529, 1.006933237,
2079.142526750, 1.004918605,
2079.162958529, 1.008316446,
2079.183390308, 1.011203552,
2079.224253866, 1.027156834,
2079.244685644, 1.018400161,
2079.285549101, 1.015377147,
2079.326412756, 1.014066311,
2079.346844433, 1.013380552,
2079.367276310, 1.014474754,
2079.387708087, 1.019515295,
2079.428571639, 1.015673737,
2079.449003415, 1.015043185,
2079.469435090, 1.014826421,
2079.489866966, 1.011095434,
2079.510298741, 1.010458822,
2079.530730516, 1.010930606,
2079.551162290, 1.008566237,
2079.571594065, 1.006555740,
2079.592025938, 1.005262448,
2079.632889386, 1.004490776,
2079.653321259, 0.999821579,
2079.673753032, 1.000398203,
2079.694184705, 0.995321517,
2079.714616577, 0.985925045,
2079.735048349, 0.984408803,
2079.755480021, 0.984911640,
2079.775911893, 0.983874515,
2079.796343664, 0.991065800,
2079.816775336, 1.002980364,
2079.878070648, 0.985620332,
2079.898502518, 0.985181537,
2079.918934288, 0.981583770,
2079.939365957, 0.980169754,
2079.959797827, 0.981854307,
2079.980229596, 0.982619210,
2080.000661365, 0.983348278,
2080.021093133, 0.981369027,
2080.041524902, 0.980220096,
2080.061956670, 0.980230057,
2080.123251973, 0.978500531,
2080.143683740, 0.981270601,
2080.164115506, 0.978462833,
2080.184547373, 0.979601781,
2080.204979039, 0.979034093,
2080.225410806, 0.976979617,
2080.245842671, 0.976686127,
2080.266274337, 0.977935974,
2080.286706102, 0.977515729,
2080.307137967, 0.977818618,
2080.368433261, 0.961240182,
2080.388864925, 0.970836479,
2080.409296789, 0.980004845,
2080.429728552, 0.987467016,
2080.450160215, 0.991982743,
2080.470592078, 0.985540802,
2080.491023841, 0.981040044,
2080.511455604, 0.979615863,
2080.552319128, 0.978605276,
2080.572750890, 0.981360797,
2080.593182651, 0.982811440,
2080.613614413, 0.982311169,
2080.634046174, 0.982233424,
2080.654478034, 0.985498130,
2080.674909695, 0.982649360,
2080.695341455, 0.982705309,
2080.715773215, 0.981614990,
2080.736204975, 0.980709109,
2080.756636634, 0.983240265,
2080.777068494, 0.986299564,
2080.797500253, 0.985842137,
2080.858795529, 0.995385698,
2080.879227386, 0.988615659,
2080.899659044, 0.986993217,
2080.920090802, 0.985446661,
2080.940522659, 0.985221485,
2080.960954316, 0.987076956,
2080.981386073, 0.990783164,
2081.001817930, 0.999808893,
2081.022249686, 1.004498251,
2081.042681342, 0.998948416,
2081.063113198, 0.997639813,
2081.083544953, 0.997332499,
2081.103976609, 0.998372911,
2081.124408464, 1.001488430,
2081.144840219, 1.002430663,
2081.165271873, 1.001647203,
2081.185703728, 1.001930808,
2081.206135482, 1.005059069,
2081.226567336, 1.003233562,
2081.246998989, 1.004775460,
2081.267430742, 1.006804185,
2081.287862596, 1.007074146,
2081.349157854, 1.009351033,
2081.369589506, 1.007613019,
2081.390021258, 1.007883582,
2081.410453009, 1.011069999,
2081.451316512, 1.011121108,
2081.471748263, 1.010101286,
2081.492180013, 1.009914507,
2081.512611764, 1.010732280,
2081.533043514, 1.009965206,
2081.553475264, 1.012103185,
2081.573907014, 1.010792697,
2081.594338863, 1.011600070,
2081.614770513, 1.009860132,
2081.635202362, 1.011053148,
2081.655634110, 1.009863401,
2081.676065759, 1.004462564,
2081.696497607, 0.996793643,
2081.716929355, 0.994553593,
2081.737361003, 1.002611230,
2081.757792851, 0.997786908,
2081.778224598, 1.001219303,
2081.839519839, 1.003026226,
2081.859951585, 0.999863646,
2081.880383331, 0.997357191,
2081.900815077, 0.997065600,
2081.921246823, 0.995971342,
2081.941678568, 0.997265922,
2081.962110313, 0.994411505,
2081.982542058, 0.993884777,
2082.002973803, 0.993765789,
2082.023405548, 0.994105574,
2082.043837392, 0.992260921,
2082.064269136, 0.989656704,
2082.084700780, 0.989007048,
2082.105132623, 0.988187019,
2082.125564266, 0.988624619,
2082.145996009, 0.984979000,
2082.166427852, 0.985646249,
2082.186859495, 0.983691827,
2082.207291237, 0.985604122,
2082.227723079, 0.985589018,
2082.248154721, 0.982848124,
2082.268586463, 0.982061250,
2082.329881687, 0.988655849,
2082.350313527, 0.982018893,
2082.370745168, 0.979946101,
2082.391176908, 0.997089386,
2082.411608748, 0.996771692,
2082.432040488, 0.998042582,
2082.452472227, 0.997129614,
2082.472903967, 0.997755511,
2082.493335706, 0.993672640,
2082.513767545, 0.990669351,
2082.534199183, 0.989280690,
2082.554630922, 0.988929957,
2082.575062760, 0.989423240,
2082.595494398, 0.993161006,
2082.636357973, 0.991983364,
2082.656789610, 0.991972627,
2082.677221347, 0.990884855,
2082.697653184, 0.991254647,
2082.718084821, 0.989660040,
2082.738516557, 0.989977280,
2082.758948393, 0.987961220,
2082.820243600, 0.997694963,
2082.840675235, 0.997767875,
2082.861107070, 0.998374929,
2082.881538805, 0.991817052,
2082.901970439, 0.992712614,
2082.922402274, 0.992260435,
2082.942834008, 0.991170090,
2082.963265641, 0.994152101,
2082.983697475, 0.993086873,
2083.004129208, 0.995343828,
2083.024560842, 0.998505246,
2083.044992674, 1.002347405,
2083.065424407, 1.002564962,
2083.085856040, 1.000904049,
2083.106287872, 1.001430628,
2083.126719604, 1.000373050,
2083.147151236, 1.021908594,
2083.167583067, 1.081034958,
2083.188014798, 1.042460112,
2083.208446630, 1.018784150,
2083.228878260, 1.008438223,
2083.249309991, 1.011532345,
2083.310605182, 1.018506689,
2083.331037011, 1.020784654,
2083.351468741, 1.020104635,
2083.371900370, 1.015045529,
2083.392332199, 1.015191017,
2083.412763928, 1.018076308,
2083.433195557, 1.018664129,
2083.453627385, 1.025440662,
2083.474059113, 1.027496386,
2083.494490741, 1.025069996,
2083.514922569, 1.023697450,
2083.535354297, 1.022367302,
2083.555786124, 1.022050521,
2083.576217751, 1.020714106,
2083.596649478, 1.019848959,
2083.617081205, 1.019747520,
2083.637512931, 1.019057447,
2083.657944557, 1.014351088,
2083.678376383, 1.010851028,
2083.698808109, 1.010582198,
2083.719239735, 1.013389248,
2083.739671560, 1.015573029,
2083.800966734, 1.016894298,
2083.821398459, 1.015740078,
2083.841830183, 1.013591142,
2083.862261907, 1.011976675,
2083.882693631, 1.011522963,
2083.903125355, 1.011391382,
2083.923557178, 1.009659204,
2083.943988801, 1.008892504,
2083.964420624, 1.008467906,
2083.984852346, 1.009624301,
2084.005283969, 1.005099471,
2084.025715791, 1.005344240,
2084.046147513, 1.004371689,
2084.066579135, 1.003254659,
2084.087010957, 1.002070326,
2084.107442678, 0.999835528,
2084.148306120, 0.997811639,
2084.168737841, 0.997725580,
2084.189169562, 0.996750256,
2084.209601282, 0.994337786,
2084.230033002, 0.994507321,
2084.291328161, 1.006339470,
2084.332191599, 1.004329197,
2084.352623318, 1.000934098,
2084.373055037, 0.998916809,
2084.393486755, 0.999691252,
2084.413918473, 1.000588502,
2084.434350291, 1.000148471,
2084.454781909, 1.001530451,
2084.475213626, 1.003456534,
2084.495645444, 1.001572616,
2084.516077061, 1.001421152,
2084.536508778, 1.001223841,
2084.556940595, 0.998493486,
2084.577372211, 0.998600280,
2084.597803927, 0.998674947,
2084.618235743, 0.995680197,
2084.638667359, 0.994984116,
2084.659099075, 0.994005252,
2084.679530890, 0.992125730,
2084.699962505, 0.995959494,
2084.720394320, 0.998052393,
2084.781689464, 0.997194392,
2084.802121178, 0.996947759,
2084.822552892, 0.996735070,
2084.842984606, 0.998106131,
2084.863416320, 0.998448484,
2084.883848033, 0.995702707,
2084.904279846, 0.992889159,
2084.924711459, 0.991620674,
2084.945143172, 0.991626251,
2084.965574984, 0.988527388,
2085.006438309, 0.990111869,
2085.026870121, 0.998132331,
2085.047301732, 0.998232950,
2085.067733444, 1.001366060,
2085.088165255, 0.996929622,
2085.108596866, 0.992933062,
2085.129028677, 0.992891750,
2085.149460287, 0.993486108,
2085.169891998, 0.994716190,
2085.190323808, 0.996566487,
2085.210755418, 0.998339901,
2085.231187128, 1.000924783,
2085.251618938, 1.001652546,
2085.272050647, 1.002212992,
2085.292482256, 1.001745709,
2085.312914065, 0.999617368,
2085.333345774, 1.003302843,
2085.353777383, 1.003970433,
2085.374209191, 1.003543145,
2085.394640899, 1.003455103,
2085.415072507, 1.002211820,
2085.435504315, 1.002070354,
2085.455936022, 1.005478341,
2085.517231144, 1.002596266,
2085.537662951, 1.004420536,
2085.558094557, 1.010637166,
2085.578526264, 1.022001055,
2085.598958070, 1.023230103,
2085.619389676, 1.024244880,
2085.639821381, 1.026506182,
2085.660253187, 1.023450129,
2085.680684792, 1.021284446,
2085.701116498, 1.020916272,
2085.762411612, 1.026052793,
2085.782843416, 1.025803870,
2085.803275120, 1.021476694,
2085.823706824, 1.019957861,
2085.844138528, 1.018420477,
2085.864570132, 1.017627766,
2085.885001935, 1.017517533,
2085.905433638, 1.014988432,
2085.925865241, 1.013181385,
2085.946297044, 1.014715874,
2085.966728746, 1.012231107,
2085.987160349, 1.013096766,
2086.007592151, 1.012828196,
2086.028023853, 1.011742322,
2086.048455455, 1.011183194,
2086.068887256, 1.006881901,
2086.089318958, 1.006153538,
2086.109750659, 1.003583642,
2086.130182360, 1.003704763,
2086.150614061, 1.000397934,
2086.171045761, 0.996699750,
2086.191477462, 0.993313412,
2086.252772662, 1.006759665,
2086.273204261, 1.007732058,
2086.293636061, 1.006583937,
2086.314067760, 1.003247455,
2086.334499359, 1.000427135,
2086.354931158, 1.001796253,
2086.375362857, 1.002668665,
2086.395794455, 1.003777253,
2086.416226253, 1.004653155,
2086.436657951, 1.005444754,
2086.457089549, 1.006041170,
2086.477521347, 1.005934293,
2086.497953045, 1.008251401,
2086.518384642, 1.009182625,
2086.538816439, 1.008335378,
2086.559248036, 1.008908119,
2086.579679833, 1.007312561,
2086.600111529, 1.008168236,
2086.620543226, 1.006600582,
2086.640974922, 1.008114601,
2086.661406618, 1.007005329,
2086.681838313, 1.005279530,
2086.743133400, 1.014269581,
2086.763565095, 1.013578368,
2086.804428484, 1.014575035,
2086.824860279, 1.012277347,
2086.845291873, 1.009455763,
2086.865723567, 1.006068870,
2086.886155361, 1.003543570,
2086.906586955, 1.001709078,
2086.927018748, 1.000959061,
2086.947450441, 1.000987799,
2086.967882034, 1.000535519,
2086.988313827, 0.998747262,
2087.008745520, 0.998612741,
2087.029177113, 0.998220418,
2087.049608905, 0.997587825,
2087.070040597, 0.996177356,
2087.090472289, 0.996233552,
2087.110903981, 0.994899570,
2087.131335673, 0.992487524,
2087.151767364, 0.991993707,
2087.172199056, 0.990867772,
2087.233494128, 0.998998482,
2087.253925819, 0.997896752,
2087.274357609, 0.997291598,
2087.294789199, 0.998332183,
2087.315220889, 0.993589538,
2087.335652679, 0.994069107,
2087.356084269, 0.994334437,
2087.376515958, 0.994833151,
2087.396947747, 0.995715942,
2087.417379336, 0.998101903,
2087.437811025, 1.000172998,
2087.458242814, 1.002707912,
2087.478674403, 1.005001175,
2087.499106091, 1.004790660,
2087.519537879, 1.006016972,
2087.539969467, 1.008307061,
2087.560401155, 1.005909917,
2087.580832942, 1.007331323,
2087.601264530, 1.006780841,
2087.621696317, 1.006255102,
2087.642128004, 1.004550601,
2087.662559691, 1.007088953,
2087.723854751, 1.016791709,
2087.744286537, 1.014989455,
2087.764718123, 1.014548838,
2087.805581594, 1.013658436,
2087.826013180, 1.012740663,
2087.846444865, 1.013426278,
2087.866876650, 1.014484907,
2087.887308235, 1.014266118,
2087.907739919, 1.016156077,
2087.928171704, 1.014264653,
2087.948603288, 1.009909465,
2087.969034973, 1.008032111,
2087.989466657, 1.005884285,
2088.009898341, 1.005494936,
2088.030330124, 1.147743750,
2088.071193391, 1.069017994,
2088.091625174, 1.043164075,
2088.112056857, 1.024498666,
2088.132488440, 1.015502383,
2088.152920223, 1.008262841,
2088.214215269, 1.006076347,
2088.234646951, 1.002330349,
2088.255078533, 1.001248332,
2088.275510314, 1.000266332,
2088.295941996, 0.999387990,
2088.316373577, 0.999620419,
2088.336805358, 0.999368308,
2088.357237039, 1.000120052,
2088.377668820, 1.002125511,
2088.398100400, 1.004029950,
2088.418532081, 1.003595656,
2088.438963861, 1.002252087,
2088.459395441, 1.003185956,
2088.479827121, 1.007967169,
2088.500258900, 1.007343028,
2088.520690480, 1.005876813,
2088.541122159, 1.005316470,
2088.561553938, 1.007430441,
2088.581985617, 1.005785919,
2088.602417196, 1.005480294,
2088.622848975, 1.003954265,
2088.643280653, 1.001743022,
2088.684144009, 1.014992314,
2088.704575687, 1.014401609,
2088.725007365, 1.012292253,
2088.745439043, 1.012817683,
2088.765870620, 1.013931105,
2088.786302398, 1.013973795,
2088.806734075, 1.015383084,
2088.827165651, 1.015707878,
2088.847597428, 1.017994959,
2088.868029105, 1.019556961,
2088.888460681, 1.018447923,
2088.908892458, 1.016954775,
2088.929324134, 1.016337953,
2088.949755810, 1.014879046,
2088.970187485, 1.013099875,
2088.990619161, 1.010744026,
2089.011050836, 1.008927493,
2089.031482512, 1.008336481,
2089.051914187, 1.005482387,
2089.072345962, 1.002816253,
2089.092777636, 1.000107536,
2089.113209211, 0.997440641,
2089.133640985, 0.995288729,
2089.194936008, 1.002876101,
2089.215367681, 1.002259971,
2089.235799255, 1.002309901,
2089.256231029, 1.001354049,
2089.276662702, 0.999751030,
2089.297094275, 0.992867176,
2089.317526048, 0.992258416,
2089.337957721, 0.992751462,
2089.358389293, 0.990385591,
2089.378821066, 0.989559861,
2089.399252638, 0.990067340,
2089.419684410, 0.989867637,
2089.440116082, 0.990801055,
2089.460547654, 0.992083933,
2089.480979426, 0.991685664,
2089.501411097, 0.992317575,
2089.521842768, 0.993386121,
2089.542274439, 0.996372626,
2089.562706110, 0.996155363,
2089.583137781, 0.997028595,
2089.603569452, 0.998157651,
2089.624001123, 0.998288286,
2089.705727803, 0.996052932,
2089.726159573, 1.003121529,
2089.746591142, 1.005042481,
2089.767022912, 1.006206791,
2089.787454581, 1.007795237,
2089.807886150, 1.007088519,
2089.828317919, 1.008196743,
2089.848749588, 1.007013572,
2089.869181156, 1.006301495,
2089.889612925, 1.005141868,
2089.910044593, 1.004085178,
2089.930476261, 1.004257419,
2089.950907929, 1.004300737,
2089.971339597, 1.004711852,
2089.991771265, 1.004745718,
2090.012202932, 1.005650181,
2090.032634599, 1.004902874,
2090.053066267, 1.003539045,
2090.073497934, 1.004119318,
2090.093929601, 1.003718110,
2090.114361367, 1.004426041,
2090.134792934, 1.003562457,
2090.155224600, 1.005319958,
2090.175656367, 1.003085727,
2090.196087933, 1.001423832,
2090.216519599, 1.000784431,
2090.236951364, 1.000346506,
2090.257382930, 0.997683599,
2090.277814596, 0.996147590,
2090.298246361, 0.994986371,
2090.318677926, 0.999059565,
2090.339109591, 1.000293829,
2090.359541356, 1.002219588,
2090.420836350, 0.994399533,
2090.441267914, 1.001986532,
2090.461699678, 1.009559438,
2090.482131342, 1.012228935,
2090.502563006, 1.013901817,
2090.522994670, 1.013751788,
2090.543426333, 1.016004645,
2090.563857996, 1.018886366,
2090.584289660, 1.018630363,
2090.604721323, 1.020159886,
2090.625152986, 1.019334899,
2090.645584748, 1.017154551,
2090.666016311, 1.017423683,
2090.686447973, 1.017780588,
2090.706879736, 1.019472009,
2090.727311298, 1.021419864,
2090.747742960, 1.021386880,
2090.768174722, 1.022745667,
2090.788606284, 1.022294856,
2090.809038045, 1.023776901,
2090.829469706, 1.026537387,
2090.849901268, 1.026309810,
2090.870333029, 1.027343971,
2090.890764590, 1.027591055,
2090.911196251, 1.028363636,
2090.931628011, 1.028209804,
2090.952059572, 1.027740554,
2090.972491232, 1.027229123,
2090.992922992, 1.025999128,
2091.013354653, 1.024660294,
2091.033786213, 1.022914311,
2091.054217972, 1.021538271,
2091.074649632, 1.021425777,
2091.095081292, 1.021240792,
2091.156376369, 1.011240597,
2091.176807928, 1.009970220,
2091.197239587, 1.007394605,
2091.217671346, 1.002956438,
2091.238102904, 1.001725658,
2091.258534562, 0.996156434,
2091.278966321, 0.996457990,
2091.299397879, 0.995127095,
2091.319829537, 0.994497816,
2091.340261295, 0.997667443,
2091.360692852, 1.001461798,
2091.381124510, 1.005931284,
2091.401556267, 1.006433070,
2091.421987824, 1.006765180,
2091.442419581, 1.003913074,
2091.462851238, 1.001354759,
2091.483282895, 1.002450728,
2091.503714552, 1.001537580,
2091.524146208, 0.999094050,
2091.544577865, 0.996015887,
2091.565009521, 0.994979108,
2091.585441177, 0.993938808,
2091.646736144, 0.994909931,
2091.667167700, 0.995073410,
2091.687599455, 0.994270045,
2091.708031111, 0.992725722,
2091.728462666, 0.992771597,
2091.748894421, 0.991030741,
2091.769326075, 0.992109522,
2091.789757830, 0.988496597,
2091.810189385, 0.991766989,
2091.830621039, 0.992277200,
2091.912347755, 0.991390123,
2091.932779309, 0.999123731,
2091.953210963, 1.000633744,
2091.973642716, 0.999928737,
2091.994074370, 1.001185636,
2092.014505923, 1.001160634,
2092.034937676, 0.999720197,
2092.055369329, 1.002290864,
2092.075800882, 1.002153857,
2092.096232634, 1.003301684,
2092.116664287, 1.001439951,
2092.137096039, 1.000468621,
2092.157527591, 0.998680955,
2092.177959244, 0.997055508,
2092.198390995, 0.996991806,
2092.218822547, 0.996666229,
2092.239254199, 0.997492356,
2092.259685851, 0.998065434,
2092.280117502, 0.997091574,
2092.300549053, 0.998797678,
2092.320980805, 0.999396090,
2092.341412456, 0.998956622,
2092.361844107, 0.999178513,
2092.382275757, 0.997763841,
2092.402707408, 0.996850732,
2092.423139158, 0.997918051,
2092.443570709, 0.997404903,
2092.484434109, 0.996678682,
2092.504865760, 0.999150589,
2092.525297309, 1.000095834,
2092.545729059, 1.000239809,
2092.566160709, 1.001892124,
2092.627455657, 0.998787023,
2092.647887206, 0.999102365,
2092.668318955, 1.001054341,
2092.688750604, 1.002724189,
2092.709182152, 1.004227890,
2092.729613901, 1.003896140,
2092.750045550, 1.003936714,
2092.770477298, 1.006786050,
2092.790908846, 1.006915490,
2092.811340494, 1.008966820,
2092.831772242, 1.010085141,
2092.852203790, 1.012612082,
2092.872635438, 1.015815065,
2092.893067185, 1.018850093,
2092.913498733, 1.028888499,
2092.933930380, 1.022087128,
2092.954362127, 1.020271761,
2092.974793774, 1.020162138,
2092.995225321, 1.022411185,
2093.015657068, 1.024380390,
2093.036088614, 1.025801541,
2093.056520261, 1.027393374,
2093.076952007, 1.028847205,
2093.097383554, 1.028083621,
2093.117815300, 1.027791917,
2093.138246946, 1.026812991,
2093.158678492, 1.025399349,
2093.179110238, 1.024840496,
2093.199541884, 1.023921336,
2093.219973429, 1.022803765,
2093.240405175, 1.019947666,
2093.260836820, 1.016996368,
2093.281268365, 1.016371415,
2093.301700110, 1.016781129,
2093.322131755, 1.014614052,
2093.342563400, 1.014247409,
2093.362995045, 1.012694180,
2093.383426689, 1.012449967,
2093.403858434, 1.010423942,
2093.424289978, 1.013441548,
2093.444721622, 1.010651638,
2093.465153366, 1.003102885,
2093.485585010, 1.001322732,
2093.506016554, 0.999420504,
2093.526448298, 0.998546007,
2093.546879942, 0.995862478,
2093.608174872, 1.002139203,
2093.628606415, 1.002405133,
2093.649038158, 1.002072322,
2093.669469801, 1.002787241,
2093.689901344, 1.000926204,
2093.710333086, 1.001192511,
2093.730764729, 0.994270764,
2093.751196371, 0.993330921,
2093.771628014, 0.991851915,
2093.792059556, 0.990969591,
2093.832922940, 0.992537941,
2093.853354582, 0.991437712,
2093.873786224, 0.989156224,
2093.894217865, 0.989292924,
2093.914649507, 0.989690561,
2093.935081148, 0.987202521,
2093.955512789, 0.986839571,
2093.975944431, 0.987004738,
2093.996376072, 0.989199691,
2094.016807713, 0.991525489,
2094.037239453, 0.990186662,
2094.057671094, 0.990608305,
2094.078102635, 0.991800602,
2094.098534375, 0.991468087,
2094.118966016, 0.992572730,
2094.139397556, 0.991792707,
2094.159829296, 0.995204469,
2094.180260936, 0.992851833,
2094.200692476, 0.993534009,
2094.221124216, 0.993759875,
2094.241555855, 0.992378992,
2094.261987395, 0.989645648,
2094.282419134, 0.990386276,
2094.302850774, 0.989628008,
2094.323282513, 0.990159896,
2094.343714052, 0.989302285,
2094.364145691, 0.989928659,
2094.384577330, 0.990120479,
2094.405008969, 0.991723926,
2094.425440608, 0.993138118,
2094.445872246, 0.994020888,
2094.466303885, 0.996517265,
2094.486735523, 0.999455520,
2094.507167161, 0.996666740,
2094.527598799, 0.991698065,
2094.588893713, 1.001038312,
2094.609325351, 1.001232343,
2094.629757088, 0.999049089,
2094.650188626, 0.998554322,
2094.670620363, 0.997442940,
2094.691052001, 0.998066514,
2094.711483538, 0.997528236,
2094.731915275, 0.994995307,
2094.752346912, 0.991219002,
2094.772778449, 0.987418671,
2094.793210185, 0.987949972,
2094.813641822, 0.985534025,
2094.834073359, 0.986057612,
2094.854505095, 0.988139656,
2094.874936731, 0.992018741,
2094.895368367, 0.996205793,
2094.915800004, 1.001568572,
2094.936231640, 1.005635023,
2094.956663375, 1.010600688,
2094.977094911, 1.014803629,
2094.997526547, 1.018767924,
2095.017958283, 1.020871147,
2095.038389918, 1.020490592,
2095.058821453, 1.022478161,
2095.079253189, 1.027562623,
2095.099684824, 1.031809158,
2095.120116359, 1.032576837,
2095.140548094, 1.025308481,
2095.160979629, 1.021746105,
2095.181411264, 1.023967693,
2095.201842998, 1.024440417,
2095.222274533, 1.023321751,
2095.242706267, 1.024528848,
2095.263137902, 1.022126532,
2095.324432804, 1.031120977,
2095.344864338, 1.022296258,
2095.365296072, 1.023222101,
2095.385727706, 1.021765508,
2095.406159339, 1.020303740,
2095.426590973, 1.016556370,
2095.447022606, 1.012092966,
2095.467454239, 1.010516295,
2095.487885873, 1.010785691,
2095.508317506, 1.021391949,
2095.569612405, 1.016511172,
2095.590044138, 1.013214087,
2095.610475770, 1.010958059,
2095.630907303, 1.007000701,
2095.651339035, 1.005436837,
2095.671770668, 1.003767022,
2095.692202200, 1.004068737,
2095.712633932, 1.004110380,
2095.733065564, 1.001265489,
2095.753497096, 1.000144567,
2095.773928828, 0.998816618,
2095.794360460, 0.997945957,
2095.814791992, 0.998555072,
2095.835223723, 0.999649321,
2095.855655355, 0.997531890,
2095.876086986, 0.997327398,
2095.896518617, 0.997786114,
2095.916950249, 0.996501283,
2095.937381880, 0.999957145,
2095.957813511, 0.993856265,
2095.978245142, 0.992077215,
2095.998676773, 0.990083524,
2096.019108403, 0.990294197,
2096.039540034, 0.989417912,
2096.059971765, 0.989338574,
2096.080403295, 0.987151809,
2096.100834925, 0.988385276,
2096.121266656, 0.989450755,
2096.141698186, 0.988836973,
2096.162129916, 0.989424124,
2096.182561546, 0.988413807,
2096.202993076, 0.992043397,
2096.223424806, 0.990676847,
2096.243856436, 0.994844204,
2096.264287965, 0.994018216,
2096.284719695, 0.985773069,
2096.305151324, 0.987298711,
2096.325582854, 0.986955513,
2096.346014583, 0.986060372,
2096.366446212, 0.986900301,
2096.386877841, 0.986773293,
2096.407309470, 0.986182541,
2096.427741099, 0.984973028,
2096.448172828, 0.982916716,
2096.468604357, 0.979413442,
2096.489035985, 0.978688617,
2096.550330871, 0.999398869,
2096.570762599, 0.994317924,
2096.591194127, 0.994660893,
2096.611625756, 0.992687372,
2096.632057484, 0.992850370,
2096.652489012, 0.991699745,
2096.672920640, 0.992782292,
2096.693352367, 0.994193526,
2096.713783895, 0.994607538,
2096.734215623, 0.993536597,
2096.754647250, 0.993490633,
2096.775078778, 0.997444745,
2096.795510505, 0.998408166,
2096.815942132, 1.001199274,
2096.836373659, 1.002635035,
2096.856805387, 1.004275480,
2096.877237014, 1.005922297,
2096.897668641, 1.005745203,
2096.918100267, 1.002806651,
2096.938531894, 1.000415122,
2096.979395147, 0.999242142,
2096.999826774, 0.998787844,
2097.020258501, 0.998969974,
2097.040690127, 0.999400834,
2097.101985005, 0.997625076,
2097.122416532, 0.995837253,
2097.142848257, 0.992901145,
2097.163279883, 0.995582083,
2097.183711409, 0.997239625,
2097.204143135, 0.993435658,
2097.224574760, 0.990137245,
2097.245006286, 0.992429609,
2097.265438012, 0.994069974,
2097.285869537, 0.996932381,
2097.306301162, 0.997255112,
2097.326732887, 0.997276320,
2097.347164413, 0.998334945,
2097.367596138, 0.991883125,
2097.388027763, 0.988784599,
2097.408459388, 0.986891537,
2097.428891012, 0.993937664,
2097.449322637, 0.997347263,
2097.469754262, 1.004597649,
2097.551480860, 1.000655269,
2097.571912384, 1.006503118,
2097.592344008, 1.011115793,
2097.612775733, 1.012042009,
2097.633207257, 1.012362011,
2097.653638981, 1.015278760,
2097.674070605, 1.016338542,
2097.694502128, 1.015047250,
2097.714933852, 1.011766930,
2097.735365476, 1.009433684,
2097.755797000, 1.007145662,
2097.776228723, 1.005926937,
2097.796660347, 1.005108621,
2097.817091870, 1.003327071,
2097.837523593, 1.004445088,
2097.857955216, 1.002201754,
2097.878386840, 1.001917032,
2097.898818463, 1.001452355,
2097.919250086, 1.001558340,
2097.939681709, 1.000728034,
2097.960113332, 1.002385691,
2097.980544954, 1.001623691,
2098.000976577, 1.002374646,
2098.021408200, 1.003294571,
2098.041839822, 1.004292434,
2098.062271445, 1.007313891,
2098.082703067, 1.008495832,
2098.103134690, 1.006409735,
2098.123566412, 1.003274241,
2098.143997934, 0.998968440,
2098.164429557, 0.997273106,
2098.184861279, 0.998346694,
2098.205292801, 0.998688577,
2098.266587666, 1.002016616,
2098.287019388, 1.000024191,
2098.307451010, 0.999058756,
2098.327882531, 0.999574718,
2098.348314253, 1.001234509,
2098.368745874, 1.000254455,
2098.389177496, 1.000926384,
2098.409609117, 0.999103686,
2098.430040739, 0.999634227,
2098.450472360, 1.000844605,
2098.470903981, 0.999102000,
2098.491335602, 1.001267462,
2098.511767323, 1.000385040,
2098.532198844, 1.001387191,
2098.552630465, 1.000980108,
2098.573062186, 0.998798047,
2098.593493806, 0.999154569,
2098.613925327, 0.996890722,
2098.634357048, 0.996887629,
2098.654788568, 0.995042066,
2098.675220189, 0.995345047,
2098.695651909, 0.994070759,
2098.716083430, 0.994840140,
2098.736515050, 0.993085883,
2098.756946770, 0.990441844,
2098.777378290, 0.990698520,
2098.797810010, 0.987998844,
2098.818241630, 0.987871790,
2098.838673150, 0.988493253,
2098.859104870, 0.988299507,
2098.879536490, 0.987918613,
2098.899968010, 0.988956540,
2098.920399730, 0.989213997,
2098.940831349, 0.990562500,
2098.961262969, 0.991405297,
2098.981694588, 0.992088506,
2099.002126208, 0.993448611,
2099.022557827, 0.994709965,
2099.042989547, 0.995750469,
2099.063421066, 0.997162177,
2099.083852785, 1.003717750,
2099.104284404, 1.004759430,
2099.124715924, 1.001455747,
2099.145147643, 1.000439269,
2099.165579262, 1.002852289,
2099.186010781, 1.006548726,
2099.206442499, 1.006358642,
2099.226874118, 1.006340704,
2099.247305637, 1.008649527,
2099.267737356, 1.009000791,
2099.288168974, 1.009848037,
2099.308600493, 1.009072806,
2099.329032212, 1.006689651,
2099.349463830, 1.007723367,
2099.369895448, 1.006420469,
2099.390327067, 1.006594151,
2099.410758685, 1.002432907,
2099.431190303, 0.998696898,
2099.492485158, 1.003287399,
2099.512916776, 1.008540447,
2099.533348394, 1.010530726,
2099.553780012, 1.010669773,
2099.574211629, 1.011379213,
2099.594643347, 1.013359795,
2099.615074965, 1.007795255,
2099.635506483, 0.994569852,
2099.655938200, 0.982449497,
2099.676369818, 0.971304567,
2099.696801336, 0.959176779,
2099.717233053, 0.955262650,
2099.737664670, 0.956241439,
2099.758096188, 0.960197918,
2099.778527905, 0.969628374,
2099.798959522, 0.975164742,
2099.819391040, 0.981370654,
2099.839822757, 0.986498824,
2099.860254374, 0.993788638,
2099.880686091, 1.001382746,
2099.901117608, 1.003337190,
2099.921549225, 1.003976869,
2099.982844076, 1.016662144,
2100.003275792, 1.017321591,
2100.023707309, 1.015588266,
2100.044138926, 1.015049554,
2100.064570542, 1.013393860,
2100.085002159, 1.013300755,
2100.105433775, 1.013971117,
2100.146297008, 1.013199752,
2100.166728725, 1.016548769,
2100.187160341, 1.017044428,
2100.207591857, 1.016510569,
2100.228023573, 1.015154908,
2100.248455190, 1.016342062,
2100.268886706, 1.017391589,
2100.289318422, 1.017448691,
2100.309750038, 1.018177876,
2100.330181554, 1.017875673,
2100.350613270, 1.019534669,
2100.371044885, 1.018388014,
2100.391476401, 1.018683739,
2100.411908117, 1.015600031,
2100.432339733, 1.015898472,
2100.452771449, 1.015039884,
2100.473202964, 1.013489078,
2100.493634580, 1.011981398,
2100.514066295, 1.011663390,
2100.534497811, 1.008766036,
2100.554929426, 1.006654431,
2100.575361142, 1.007775298,
2100.595792757, 1.009823542,
2100.616224273, 1.011185147,
2100.636655988, 1.010143116,
2100.657087603, 1.010588106,
2100.677519118, 1.008999441,
2100.697950834, 1.008615102,
2100.718382449, 1.007497347,
2100.738814164, 1.003559009,
2100.759245679, 1.001186459,
2100.779677294, 1.001025667,
2100.800108909, 0.998661260,
2100.820540524, 0.995736427,
2100.840972039, 0.996007408,
2100.861403754, 0.993125337,
2100.881835368, 0.996682977,
2100.902266883, 0.989958932,
2100.922698598, 0.989151241,
2100.943130213, 0.988289736,
2100.963561827, 0.988162696,
2100.983993442, 0.990174900,
2101.004425056, 0.991792309,
2101.024856771, 0.992276696,
2101.045288285, 0.994236552,
2101.065719900, 0.994575554,
2101.086151614, 0.996198002,
2101.106583229, 0.994888888,
2101.127014743, 0.995531640,
2101.147446457, 0.997006454,
2101.167878071, 1.000266963,
2101.188309586, 1.001718440,
2101.208741300, 0.998645059,
2101.229172914, 0.997693426,
2101.249604628, 0.993928069,
2101.270036142, 0.996351558,
2101.290467756, 1.005331248,
2101.310899470, 1.012307887,
2101.331330984, 1.006904297,
2101.351762598, 1.004568352,
2101.372194312, 1.004701817,
2101.392625826, 1.005987904,
2101.453920667, 1.011311049,
2101.474352281, 1.013102177,
2101.494783895, 1.010878871,
2101.515215508, 1.013178936,
2101.535647222, 1.011727677,
2101.556078735, 1.016580968,
2101.576510349, 1.019356261,
2101.596942063, 1.018591516,
2101.617373576, 1.016060959,
2101.637805189, 1.014452287,
2101.658236903, 1.015625268,
2101.678668516, 1.014915523,
2101.699100030, 1.030469171,
2101.719531743, 1.019070502,
2101.739963356, 1.015814530,
2101.760394870, 1.008476513,
2101.780826583, 1.007568459,
2101.801258196, 1.002228015,
2101.821689909, 1.008405853,
2101.842121422, 1.002265645,
2101.862553035, 1.030206902,
2101.882984748, 1.050645484,
2101.903416262, 1.014270335,
2101.923847875, 0.992897227,
2101.944279588, 0.979956026,
2101.964711100, 0.967349508,
2101.985142713, 0.959814634,
2102.005574426, 0.956612386,
2102.026005939, 0.957745923,
2102.046437652, 0.961261517,
2102.066869265, 0.963111920,
2102.087300878, 0.964869358,
2102.107732490, 0.967094326,
2102.128164103, 0.970629051,
2102.148595716, 0.977834503,
2102.169027329, 0.983435354,
2102.189458941, 0.989483165,
2102.209890454, 0.999122766,
2102.230322167, 1.009439130,
2102.250753779, 1.014279712,
2102.271185292, 1.017049194,
2102.291617004, 1.021016161,
2102.312048617, 1.023123346,
2102.332480329, 1.025855207,
2102.352911842, 1.029670518,
2102.373343454, 1.028707227,
2102.393775167, 1.026890598,
2102.414206679, 1.027588254,
2102.434638291, 1.025566382,
2102.455070004, 1.020701508,
2102.475501516, 1.019278829,
2102.495933128, 1.020498277,
2102.516364840, 1.020962677,
2102.536796353, 1.021756094,
2102.557227965, 1.024272475,
2102.577659677, 1.021834024,
2102.598091289, 1.022045361,
2102.618522902, 1.021317710,
2102.638954514, 1.021107195,
2102.659386126, 1.018454686,
2102.679817738, 1.017567303,
2102.700249350, 1.015458772,
2102.720680962, 1.013716366,
2102.741112674, 1.011560021,
2102.761544186, 1.008605504,
2102.781975798, 1.005254633,
2102.802407410, 1.002302857,
2102.822839022, 0.999283857,
2102.843270734, 0.997251028,
2102.863702346, 0.992052369,
2102.884133858, 0.989116397,
2102.904565570, 0.987034916,
2102.924997081, 0.985469090,
2102.945428693, 0.983752686,
2102.965860405, 0.982398133,
2102.986291917, 0.982072254,
2103.006723529, 0.981218804,
2103.027155241, 0.981684424,
2103.047586752, 0.983087993,
2103.068018364, 0.983975739,
2103.088450076, 0.981835497,
2103.108881688, 0.980158536,
2103.129313299, 0.977071615,
2103.149744911, 0.977049798,
2103.170176523, 0.976530986,
2103.190608134, 0.976527735,
2103.211039746, 0.976993270,
2103.231471357, 0.978548574,
2103.251902969, 0.980992989,
2103.272334581, 0.982287020,
2103.292766192, 0.987363781,
2103.313197904, 0.988239488,
2103.354061027, 0.996683135,
2103.415355961, 0.989471020,
2103.435787573, 0.993646669,
2103.456219084, 0.996010082,
2103.476650796, 0.999993578,
2104.089599135, 0.971174201,
2104.110030846, 0.966654133,
2104.130462457, 0.962683194,
2104.150894168, 0.961314425,
2104.171325680, 0.957172741,
2104.191757291, 0.954642304,
2104.212188902, 0.951327525,
2104.232620513, 0.952634746,
2104.253052124, 0.951809816,
2104.273483735, 0.947697908,
2104.293915347, 0.945968717,
2104.314346958, 0.949865884,
2104.334778669, 0.956441087,
2104.375641791, 0.968386564,
2104.396073502, 0.977031576,
2104.416505014, 0.987487082,
2104.436936725, 0.998627912,
2104.457368336, 1.006464132,
2104.477799847, 1.014420271,
2104.498231558, 1.022497209,
2104.518663169, 1.024953557,
2104.539094680, 1.024963016,
2104.559526391, 1.024622158,
2104.579958003, 1.023799738,
2104.620821225, 1.032174848,
2104.641252836, 1.032015798,
2104.661684547, 1.030842709,
2104.682116058, 1.035096101,
2104.722979381, 1.032370625,
2104.743410892, 1.033245507,
2104.763842503, 1.032408557,
2104.784274214, 1.033687384,
2104.804705825, 1.032413241,
2104.825137336, 1.033200901,
2104.866000659, 1.028955764,
2104.886432270, 1.026654781,
2104.906863881, 1.026723997,
2104.927295492, 1.029454510,
2104.947727103, 1.022837079,
2104.968158714, 1.022124580,
2104.988590226, 1.019942330,
2105.009021937, 1.017530488,
2105.029453548, 1.017956070,
2105.049885059, 1.015334237,
2105.111179893, 1.018598473,
2105.131611604, 1.014392967,
2105.152043215, 1.006643591,
2105.172474927, 1.006167643,
2105.192906438, 1.009132696,
2105.213338049, 1.006954267,
2105.254201272, 0.995899853,
2105.274632883, 0.992374097,
2105.295064594, 0.993584764,
2105.376791039, 1.009765502,
2105.397222651, 1.010253289,
2105.438085873, 1.008317441,
2105.458517585, 1.010525370,
2105.478949096, 1.007349110,
2105.499380707, 0.999767359,
2105.519812419, 0.989747652,
2105.560675542, 1.003912728,
2105.581107253, 0.995996384,
2105.601538764, 0.995358363,
2105.621970476, 0.993250963,
2105.642402087, 0.992402170,
2105.662833599, 0.993911708,
2105.683265310, 0.997395780,
2105.703696822, 0.996460173,
2105.724128433, 0.998230787,
2105.744560145, 1.001796227,
2105.764991656, 1.005493559,
2105.785423268, 1.004789526,
2105.805854979, 1.001638320,
2105.846718203, 1.001268288,
2105.867149814, 0.995539811,
2105.887581426, 1.001201728,
2105.908013037, 0.996470636,
2105.928444649, 0.995384097,
2105.948876261, 0.997770188,
2105.969307972, 1.001411964,
2105.989739484, 1.001584735,
2106.010171096, 1.004320863,
2106.030602807, 1.006177851,
2106.051034319, 1.007575830,
2106.091897643, 1.009006842,
2106.112329155, 1.015552671,
2106.132760866, 1.013248040,
2106.153192478, 1.017024757,
2106.173623990, 1.013064701,
2106.194055702, 1.011584263,
2106.214487314, 1.011749120,
2106.234918826, 1.011917088,
2106.255350538, 1.011121538,
2106.275782149, 1.011215519,
2106.296213761, 1.013495848,
2106.337076985, 1.009706793,
2106.357508597, 1.006394360,
2106.377940209, 1.004262289,
2106.398371821, 1.007408001,
2106.418803433, 1.001346596,
2106.439235046, 1.001265432,
2106.459666658, 1.000803733,
2106.480098270, 1.001541392,
2106.500529882, 1.003618977,
2106.520961494, 1.006263251,
2106.541393206, 1.006473953,
2106.582256431, 1.005200603,
2106.602688043, 1.006711044,
2106.623119555, 1.008774755,
2106.643551268, 1.011216357,
2106.663982880, 1.014136204,
2106.684414392, 1.009304461,
2106.704846105, 1.009082921,
2106.725277717, 1.009444291,
2106.745709230, 1.007638493,
2106.766140942, 1.006024460,
2106.786572554, 1.009026646,
2106.827435780, 1.010842811,
2106.847867392, 1.012482356,
2106.868299105, 1.011053072,
2106.888730617, 1.005520004,
2106.909162230, 1.000865756,
2106.929593943, 0.999552564,
2106.950025455, 0.997919280,
2106.970457068, 0.996550112,
2106.990888781, 0.998585303,
2107.011320393, 1.003790291,
2107.031752006, 1.004344267,
2107.072615132, 1.008718835,
2107.093046845, 1.008751904,
2107.113478458, 1.011196591,
2107.133909971, 1.011669372,
2107.154341684, 1.012931464,
2107.174773297, 1.015278509,
2107.195204810, 1.013781716,
2107.236068136, 1.006978590,
2107.256499849, 1.006985053,
2107.338226202, 1.008743615,
2107.358657815, 1.006079317,
2107.379089528, 1.006319249,
2107.399521041, 1.007193470,
2107.419952655, 1.009948625,
2107.440384368, 1.006957126,
2107.460815982, 1.005258502,
2107.481247595, 1.006653350,
2107.501679209, 1.000002709,
2107.522110822, 0.997399635,
2107.542542436, 0.998508216,
2107.562974049, 1.000543816,
2107.583405663, 1.001782347,
2107.603837376, 0.995330403,
2107.624268890, 0.994923034,
2107.644700504, 0.995761428,
2107.665132218, 0.997104248,
2107.685563731, 0.997082617,
2107.705995445, 0.997308768,
2107.726426959, 0.996887170,
2107.746858573, 0.996565925,
2107.767290287, 0.994165854,
2107.808153415, 0.992172726,
2107.828585129, 0.993165038,
2107.849016643, 0.998101240,
2107.869448257, 0.994025288,
2107.889879971, 0.996117875,
2107.910311485, 1.000069395,
2107.930743100, 0.998343854,
2107.951174814, 0.998805171,
2107.992038042, 0.998312511,
2108.053332886, 0.995337787,
2108.073764500, 0.989350922,
2108.094196115, 0.991106647,
2108.114627729, 0.990799984,
2108.135059344, 0.987300096,
2108.155490959, 0.989530163,
2108.175922673, 0.988712324,
2108.196354188, 0.984975411,
2108.216785903, 0.982063085,
2108.237217518, 0.975322361,
2108.257649032, 0.970513159,
2108.318943877, 0.970189089,
2108.339375592, 0.971762517,
2108.359807207, 0.967024288,
2108.380238722, 0.962874779,
2108.400670438, 0.961324982,
2108.421102053, 0.963480953,
2108.441533668, 0.969171464,
2108.461965283, 0.972529876,
2108.482396799, 0.970693018,
2108.502828514, 0.972327443,
2108.543691745, 0.977522817,
2108.564123360, 0.986271943,
2108.584554976, 0.984723650,
2108.604986591, 0.989359531,
2108.645849823, 1.001821885,
2108.666281538, 1.008721891,
2108.686713154, 1.012291209,
2108.707144670, 1.010261755,
2108.788871234, 0.994949522,
2108.809302850, 0.986153688,
2108.829734366, 0.987538849,
2108.850166082, 0.992990771,
2108.870597698, 0.996823602,
2108.891029414, 1.002208758,
2108.911460931, 1.006678601,
2108.931892547, 1.008153122,
2108.952324263, 1.012797428,
2108.972755780, 1.007756657,
2108.993187396, 0.990859165,
2109.054482246, 0.988345258,
2109.074913963, 0.983031570,
2109.095345480, 0.983062143,
2109.115777196, 0.977979853,
2109.136208713, 0.974785081,
2109.156640330, 0.977537662,
2109.177072047, 0.979529709,
2109.197503564, 0.983111264,
2109.217935181, 0.992799395,
2109.238366898, 0.992531979,
2109.299661750, 1.016128002,
2109.320093367, 1.009202261,
2109.340525084, 1.011499822,
2109.360956602, 1.010463943,
2109.381388219, 1.013586517,
2109.401819937, 1.008070319,
2109.422251454, 1.008272348,
2109.442683072, 1.007635629,
2109.463114790, 1.007528650,
2109.483546307, 1.008978241,
2109.524409643, 1.005604696,
2109.544841161, 1.006996404,
2109.565272879, 1.006517191,
2109.585704497, 1.009885095,
2109.606136015, 1.004904882,
2109.626567733, 1.004162155,
2109.646999351, 1.003866521,
2109.667430970, 1.005233034,
2109.687862588, 1.004140928,
2109.708294206, 1.005280742,
2109.728725825, 1.007268725,
2109.769589062, 1.007499848,
2109.790020680, 1.003721258,
2109.810452399, 1.003521817,
2109.830883918, 1.005014489,
2109.851315636, 1.005046523,
2109.871747155, 1.004429986,
2109.892178774, 1.009055253,
2109.912610493, 1.009003301,
2109.933042012, 1.009383945,
2109.953473631, 1.007329356,
2110.014768589, 1.009199586,
2110.035200208, 1.008645253,
2110.055631727, 1.006250466,
2110.076063447, 1.004741830,
2110.096495066, 1.005883709,
2110.116926586, 1.005646044,
2110.137358305, 1.006743158,
2110.157789925, 1.006125547,
2110.178221545, 1.006619775,
2110.198653164, 1.003082672,
2110.259948024, 1.002318196,
2110.280379644, 1.005099985,
2110.300811364, 1.001897258,
2110.321242985, 0.996727556,
2110.341674505, 0.996973750,
2110.362106225, 0.996775540,
2110.382537846, 0.996119787,
2110.402969466, 0.996440926,
2110.423401087, 0.996319101,
2110.443832707, 0.996310379,
2110.464264328, 0.995037118,
2110.505127469, 0.996002379,
2110.525559190, 0.995366988,
2110.545990811, 0.994784066,
2110.566422332, 0.997949225,
2110.586854053, 0.999218111,
2110.607285674, 1.003173664,
2110.627717395, 1.004374394,
2110.648148916, 1.005763351,
2110.668580538, 1.010168783,
2110.689012259, 1.013784089,
2110.770738645, 0.996620407,
2110.791170267, 1.018484185,
2110.811601989, 1.034391990,
2110.832033511, 1.019242788,
2110.852465233, 1.010891950,
2110.872896855, 1.003603463,
2110.893328477, 0.997620159,
2110.913760099, 0.991211661,
2110.934191721, 0.988567291,
2110.954623343, 0.995428942,
2110.975054966, 1.000571903,
2110.995486588, 0.999392278,
2111.015918211, 1.000798641,
2111.036349933, 1.002748220,
2111.077213179, 1.004869139,
2111.097644801, 1.005905995,
2111.118076324, 1.000856196,
2111.138508047, 1.004462383,
2111.158939570, 1.001046332,
2111.179371193, 0.993768440,
2111.261097787, 0.997711519,
2111.281529310, 0.994146743,
2111.301961034, 0.990314323,
2111.322392657, 0.988236572,
2111.342824181, 0.976329546,
2111.363255905, 0.964938217,
2111.383687528, 0.959128357,
2111.404119152, 0.956805411,
2111.424550776, 0.964064639,
2111.444982400, 0.965701885,
2111.485845649, 0.988103444,
2111.506277273, 0.994173561,
2111.526708997, 0.996801592,
2111.547140622, 1.000572816,
2111.567572146, 1.003055725,
2111.588003871, 1.000379271,
2111.608435496, 1.003216782,
2111.628867021, 1.005491236,
2111.649298745, 1.006063477,
2111.669730370, 1.005582099,
2111.690162095, 1.008194805,
2111.731025246, 1.009305229,
2111.751456971, 1.014113845,
2111.771888496, 1.011076817,
2111.792320122, 1.011389592,
2111.812751747, 1.013952771,
2111.833183373, 1.016066418,
2111.853614998, 1.017678171,
2111.874046624, 1.022972613,
2111.894478250, 1.019509457,
2111.914909976, 1.019798579,
2111.935341502, 1.015861715,
2111.976204854, 1.023146896,
2111.996636380, 1.025400434,
2112.017068007, 1.017327849,
2112.037499733, 1.016994994,
2112.057931360, 1.017611149,
2112.078362986, 1.018438499,
2112.098794613, 1.022338967,
2112.119226239, 1.018322200,
2112.139657866, 1.015925700,
2112.160089493, 1.014948645,
2112.180521120, 1.012885004,
2112.221384374, 1.016084543,
2112.241816002, 1.012190557,
2112.262247729, 1.010022542,
2112.282679257, 1.009613078,
2112.323542612, 1.005516158,
2112.343974139, 1.004916255,
2112.364405867, 1.003198479,
2112.384837495, 1.002947396,
2112.405269023, 1.003808549,
2112.425700751, 1.001820583,
2112.466563907, 0.998457261,
2112.486995636, 0.996566007,
2112.507427264, 0.995674572,
2112.527858892, 0.994847172,
2112.548290521, 0.989972193,
2112.568722150, 0.991888315,
2112.589153778, 0.991641917,
2112.609585407, 0.991595703,
2112.630017036, 0.992897759,
2112.650448665, 0.994029197,
2112.670880294, 0.995418284,
2112.711743653, 0.995239421,
2112.732175182, 0.995222171,
2112.752606912, 0.997103537,
2112.773038541, 0.999819117,
2112.793470071, 1.001032875,
2112.813901801, 1.001776530,
2112.834333430, 1.008297278,
2112.854764960, 1.012855611,
2112.875196690, 1.012483932,
2112.956923212, 1.016095388,
2112.977354942, 1.015442323,
2112.997786473, 1.011138995,
2113.018218103, 1.013929982,
2113.038649834, 1.015537842,
2113.059081365, 1.020293056,
2113.079512996, 1.024154999,
2113.099944727, 1.022493722,
2113.242966047, 1.016827611,
2113.263397779, 1.015772993,
2113.283829411, 1.014024196,
2113.304261043, 1.012098111,
2113.324692675, 1.039146542,
2113.345124307, 1.099833833,
2113.365556040, 1.059675894,
2113.385987572, 1.015139175,
2113.406419205, 0.978981239,
2113.426850937, 0.954775041,
2113.447282470, 0.937562771,
2113.467714103, 0.921659175,
2113.488145836, 0.915990209,
2113.508577369, 0.918343426,
2113.529009102, 0.926593042,
2113.549440735, 0.938303507,
2113.569872269, 0.950008208,
2113.590304002, 0.965514428,
2113.610735636, 0.980720969,
2113.631167169, 0.988924286,
2113.651598903, 0.992526786,
2113.692462071, 0.986052877,
2113.712893805, 0.979092343,
2113.733325439, 0.975413350,
2113.753757173, 0.967427998,
2113.774188708, 0.959489651,
2113.794620342, 0.953557864,
2113.815051977, 0.960303174,
2113.855915246, 0.974600543,
2113.876346981, 0.983726280,
2113.896778516, 0.980724627,
2113.937641886, 0.995986760,
2113.958073421, 0.999610703,
2113.978505157, 1.001285533,
2113.998936792, 1.006939608,
2114.019368328, 1.007361260,
2114.039800064, 1.010444403,
2114.060231700, 1.018292594,
2114.080663235, 1.025453407,
2114.101094971, 1.024058924,
2114.121526608, 1.025702675,
2114.141958344, 1.007896170,
2114.182821517, 1.025487543,
2114.203253253, 1.026139882,
2114.223684790, 1.024436728,
2114.244116427, 1.025194009,
2114.264548164, 1.024853758,
2114.284979701, 1.022601927,
2114.305411438, 1.027463586,
2114.325843075, 1.028721759,
2114.346274712, 1.024732033,
2114.366706350, 1.012192531,
2114.428001263, 1.013002937,
2114.448432901, 1.010057590,
2114.468864539, 1.012879370,
2114.489296177, 1.009208607,
2114.509727815, 1.008138311,
2114.530159553, 1.005997292,
2114.550591092, 1.005523456,
2114.571022730, 1.007607077,
2114.591454469, 1.008682162,
2114.611886008, 1.005773983,
2114.673180925, 0.996158276,
2114.693612564, 0.995601072,
2114.714044304, 0.994516506,
2114.734475843, 0.995229781,
2114.754907583, 0.993395118,
2114.775339222, 0.995945831,
2114.795770762, 0.994261625,
2114.816202502, 0.992524469,
2114.836634142, 0.991170076,
2114.857065682, 0.990221828,
2114.877497423, 0.996244079,
2114.938792344, 0.986960567,
2114.959223985, 0.984131674,
2114.979655726, 0.986882315,
2115.000087267, 0.991205922,
2115.020518908, 0.995260679,
2115.040950649, 0.998493591,
2115.061382290, 0.999254142,
2115.081813832, 0.998430717,
2115.102245573, 1.001373090,
2115.122677215, 1.000596876,
2115.183972141, 0.996583914,
2115.204403783, 0.995515376,
2115.224835425, 0.997770895,
2115.245267068, 0.999216913,
2115.265698710, 0.998319166,
2115.286130353, 0.999172238,
2115.306562096, 1.000876510,
2115.326993638, 1.003127392,
2115.347425281, 1.000357465,
2115.367857025, 0.997953306,
2115.408720211, 1.000040804,
2115.429151955, 1.001503083,
2115.449583498, 1.001577121,
2115.470015142, 1.002404369,
2115.490446886, 1.005716400,
2115.510878430, 1.006573964,
2115.531310174, 0.998481585,
2115.551741818, 0.993724219,
2115.572173463, 0.991967327,
2115.592605107, 0.988770896,
2115.613036752, 0.985373710,
2115.653900041, 0.982429226,
2115.674331686, 0.982048014,
2115.694763331, 0.979354398,
2115.715195077, 0.980078217,
2115.735626622, 0.976536214,
2115.756058367, 0.971973113,
2115.776490013, 0.974385309,
2115.796921559, 0.967925305,
2115.817353305, 0.959080233,
2115.837784950, 0.949697256,
2115.858216497, 0.944865934,
2115.899079889, 0.926640324,
2115.919511536, 0.930363182,
2115.939943182, 0.935904261,
2115.960374729, 0.940358562,
2115.980806476, 0.945652750,
2116.001238123, 0.950360894,
2116.021669670, 0.953390129,
2116.042101417, 0.956593514,
2116.062533065, 0.962905050,
2116.082964712, 0.961102105,
2116.103396360, 0.962469059,
2116.144259756, 0.965639193,
2116.164691304, 0.966128700,
2116.185122952, 0.967422649,
2116.205554700, 0.972922523,
2116.225986348, 0.976062553,
2116.246417897, 0.979347592,
2116.266849646, 0.984417596,
2116.287281295, 0.990555500,
2116.307712944, 1.001553600,
2116.328144593, 1.014196266,
2116.348576242, 1.019167217,
2116.389439541, 1.022807269,
2116.409871190, 1.026010719,
2116.430302940, 1.023683490,
2116.450734490, 1.023057997,
2116.471166140, 1.021077648,
2116.491597890, 1.019798908,
2116.512029440, 1.022626351,
2116.532461191, 1.024447296,
2116.552892841, 1.023251936,
2116.573324392, 1.000918109,
2116.593756143, 1.002961309,
2116.634619345, 1.014164177,
2116.655051096, 1.011735338,
2116.675482648, 1.010160459,
2116.695914399, 1.016540710,
2116.736777603, 0.998608524,
2116.757209354, 0.986326309,
2116.777641006, 1.002255395,
2116.798072659, 1.003688319,
2116.818504311, 0.992210380,
2116.838935963, 0.991669305,
2116.900230922, 0.990905499,
2116.920662675, 0.990153122,
2116.941094328, 0.989955203,
2116.981957635, 0.990370537,
2117.002389288, 0.990672030,
2117.022820842, 0.990388086,
2117.043252596, 0.991217684,
2117.084116004, 0.991618398,
2117.145410967, 0.992281097,
2117.165842522, 0.990618040,
2117.186274177, 0.989842741,
2117.206705832, 0.991773778,
2117.227137487, 0.991441519,
2117.247569142, 0.989921151,
2117.268000798, 0.992163182,
2117.288432453, 0.993488613,
2117.308864209, 0.992996069,
2117.329295765, 0.993359976,
2117.390590733, 0.991636811,
2117.411022390, 0.991185786,
2117.431454146, 0.993239978,
2117.451885803, 0.990876896,
2117.472317460, 0.991628453,
2117.492749117, 0.992537935,
2117.513180774, 0.992842714,
2117.533612431, 0.992432593,
2117.554044089, 0.995820552,
2117.574475746, 0.996767849,
2117.594907504, 0.995260322,
2117.615339062, 0.995197670,
2117.635770720, 0.994873249,
2117.676634036, 0.998446435,
2117.697065795, 1.005501094,
2117.717497453, 1.004633722,
2117.737929012, 1.003984756,
2117.758360771, 0.995115959,
2117.778792430, 0.984076820,
2117.799223989, 0.993963199,
2117.819655749, 1.003443192,
2117.880950728, 1.004688250,
2117.901382388, 1.003506893,
2117.921814048, 1.003344027,
2117.942245708, 1.004306556,
2117.962677369, 1.003333543,
2117.983109029, 1.002028877,
2118.003540690, 1.001385245,
2118.023972351, 0.999534037,
2118.044404012, 1.002481674,
2118.064835673, 0.998791881,
2118.105699096, 0.988648333,
2118.126130657, 0.980764949,
2118.146562419, 0.967765688,
2118.166994081, 0.956500322,
2118.187425643, 0.945568610,
2118.207857405, 0.932118524,
2118.228289068, 0.921600342,
2118.248720630, 0.915568743,
2118.269152393, 0.909480874,
2118.289584056, 0.912949132,
2118.310015819, 0.917483252,
2118.350879045, 0.929337707,
2118.371310809, 0.935983798,
2118.391742373, 0.943694728,
2118.412174036, 0.952177424,
2118.432605800, 0.960258383,
2118.453037364, 0.973380076,
2118.473469129, 0.981031542,
2118.493900793, 0.987228537,
2118.514332358, 0.993606694,
2118.534764122, 0.999116353,
2118.555195787, 1.008339125,
2118.596059118, 1.008736195,
2118.677785780, 1.020055802,
2118.698217446, 1.016183856,
2118.718649112, 1.016644133,
2118.739080778, 1.015668870,
2118.759512445, 1.015755629,
2118.779944112, 1.018990578,
2118.800375778, 1.014234270,
2118.841239112, 1.008162953,
2118.861670880, 1.010662230,
2118.882102547, 1.008694124,
2118.902534115, 1.007067309,
2118.922965882, 1.006234933,
2118.943397550, 1.008012249,
2118.984260887, 1.005587816,
2119.025124124, 0.991301038,
2119.045555892, 1.001798551,
2119.106850900, 0.998883741,
2119.127282569, 0.998054865,
2119.147714339, 0.995947842,
2119.168145908, 0.997622769,
2119.188577578, 0.997780376,
2119.209009348, 0.997153621,
2119.229440918, 0.997196499,
2119.249872689, 0.999457017,
2119.270304359, 1.004652180,
2119.290736030, 1.002562714,
2119.352030943, 0.995371814,
2119.372462715, 0.996876183,
2119.392894386, 0.997519221,
2119.413326158, 0.998473950,
2119.433757730, 0.997910933,
2119.454189402, 0.996610978,
2119.474621174, 1.001526145,
2119.495052746, 0.996148791,
2119.515484419, 0.997155310,
2119.535916192, 0.998730880,
2119.576779438, 0.997612943,
2119.597211211, 0.996324609,
2119.617642784, 0.996586342,
2119.638074558, 0.998232192,
2119.658506231, 0.999205241,
2119.678937805, 0.998677352,
2119.699369579, 1.002814682,
2119.719801254, 1.000449254,
2119.740232928, 0.999360818,
2119.760664603, 0.999169020,
2119.781096277, 0.999819469,
2119.821959628, 0.998797264,
2119.842391303, 0.998833943,
2119.862823078, 0.998846099,
2119.883254754, 0.999704587,
2119.903686330, 1.000361970,
2119.924118006, 1.000373579,
2119.944549682, 1.002680365,
2119.964981358, 1.000703351,
2119.985413135, 1.001682917,
2120.005844711, 1.001894357,
2120.026276488, 1.003252222,
2120.067139742, 1.002818713,
2120.087571520, 1.003842565,
2120.108003197, 1.006192884,
2120.128434775, 1.003681057,
2120.148866553, 1.005612909,
2120.169298231, 1.005800473,
2120.189730009, 1.007338262,
2120.210161587, 1.010348224,
2120.230593266, 1.009854760,
2120.251025045, 1.008712695,
2120.271456624, 1.008218623,
2120.312320082, 1.006601146,
2120.332751662, 1.006555734,
2120.353183341, 1.007022130,
2120.373615121, 1.008792342,
2120.394046701, 1.009155574,
2120.414478481, 1.011525544,
2120.434910162, 1.010453040,
2120.455341842, 1.007993471,
2120.475773523, 1.003257236,
2120.496205204, 0.992268407,
2120.516636885, 0.986396839,
2120.557500248, 0.965764486,
2120.577932029, 0.956070336,
2120.598363611, 0.949132528,
2120.618795293, 0.948477733,
2120.639227075, 0.947076926,
2120.659658658, 0.949951415,
2120.680090340, 0.953235056,
2120.700522123, 0.950613967,
2120.720953706, 0.948448828,
2120.802680539, 0.967720287,
2120.823112223, 0.976381842,
2120.843543807, 0.985579064,
2120.863975591, 0.994888220,
2120.884407275, 1.008625102,
2120.904838860, 1.006997016,
2120.945702330, 0.984485403,
2120.966134115, 0.995859647,
2120.986565700, 0.994387495,
2121.088724229, 0.997270033,
2121.109155916, 0.997943100,
2121.129587502, 0.997705230,
2121.150019289, 0.994666648,
2121.170450976, 0.996008571,
2121.190882663, 0.996122793,
2121.211314350, 0.997332986,
2121.231746038, 0.995392082,
2121.252177726, 0.994851014,
2121.272609414, 0.996512320,
2121.293041102, 0.995908086,
2121.313472790, 0.995652275,
2121.333904478, 0.996003463,
2121.354336267, 0.995171110,
2121.374767856, 0.996637853,
2121.395199545, 0.997098170,
2121.415631334, 0.997109416,
2121.436062923, 0.994408358,
2121.456494613, 0.991283297,
2121.476926403, 0.992138008,
2121.497357993, 0.995333752,
2121.538221473, 0.994377187,
2121.558653064, 0.993113122,
2121.579084855, 0.994208600,
2121.599516546, 0.992717395,
2121.619948237, 0.993082393,
2121.640379928, 0.994900875,
2121.660811620, 0.993238562,
2121.681243311, 0.993181419,
2121.701675003, 0.993262006,
2121.722106695, 0.992088981,
2121.742538488, 0.993621681,
2121.783401773, 0.991860773,
2121.803833566, 0.987958421,
2121.844696852, 0.986000676,
2121.865128645, 0.983066428,
2121.885560339, 0.989112853,
2121.905991933, 0.990445309,
2121.926423727, 0.992471212,
2121.946855421, 0.993717470,
2121.967287116, 0.994359665,
2121.987718810, 0.994476150,
2122.049013895, 0.986760449,
2122.069445491, 0.995019593,
2122.089877286, 0.996238351,
2122.110308982, 0.992723909,
2122.130740778, 0.989398226,
2122.151172374, 0.993980063,
2122.171604071, 0.993953105,
2122.192035867, 0.996482755,
2122.212467464, 0.995848052,
2122.232899161, 0.998936955,
2122.273762656, 1.000234303,
2122.294194253, 0.995760298,
2122.314626051, 1.005255708,
2122.335057749, 1.006994955,
2122.355489447, 1.001909317,
2122.375921146, 1.008574692,
2122.396352844, 1.004191893,
2122.416784543, 1.012149719,
2122.437216242, 1.010080783,
2122.457647941, 1.009932597,
2122.478079741, 1.011751324,
2122.518943140, 1.009397315,
2122.539374840, 1.012120028,
2122.559806440, 1.010729040,
2122.580238241, 1.011202822,
2122.600669941, 1.011361903,
2122.621101542, 1.011047741,
2122.641533343, 1.013044651,
2122.661964945, 1.010316389,
2122.702828448, 1.003521303,
2122.723260050, 1.002735255,
2122.784555156, 1.005689225,
2122.804986959, 1.004997002,
2122.825418662, 1.005487819,
2122.845850365, 1.007441461,
2122.866282068, 1.005996135,
2122.886713772, 1.006282288,
2122.907145575, 1.005354918,
2122.927577279, 1.005194634,
2122.948008883, 0.995900615,
2122.968440688, 0.991630878,
2123.029735802, 0.978694507,
2123.050167507, 0.973708893,
2123.070599313, 0.972560485,
2123.091030918, 0.966650331,
2123.111462624, 0.966042488,
2123.131894430, 0.977162142,
2123.152326036, 0.971474220,
2123.172757742, 0.976305383,
2123.193189549, 0.983825086,
2123.213621156, 0.985169641,
2123.274916278, 0.976193561,
2123.295348085, 0.977533499,
2123.315779693, 0.980350594,
2123.336211401, 0.983203453,
2123.356643210, 0.990422769,
2123.377074818, 0.994672512,
2123.397506527, 0.997513963,
2123.417938336, 0.997154398,
2123.438369945, 0.997057595,
2123.458801754, 0.997623059,
2123.499665174, 0.992563791,
2123.520096884, 0.989739299,
2123.540528594, 0.992288085,
2123.560960304, 0.993313762,
2123.581392015, 0.995217636,
2123.601823726, 0.999425930,
2123.622255537, 0.999779995,
2123.642687248, 0.998717417,
2123.663118860, 0.997296542,
2123.683550672, 1.000309922,
2123.703982384, 1.001415251,
2123.744845808, 1.000338099,
2123.765277521, 0.996989953,
2123.785709133, 1.003871845,
2123.806140946, 1.001273591,
2123.826572660, 1.000404789,
2123.847004473, 1.000165902,
2123.867436087, 0.999487416,
2123.887867801, 1.000411379,
2123.908299515, 0.999910952,
2123.928731229, 1.001263500,
2123.949162944, 0.997459206,
2123.990026374, 0.991364390,
2124.010458189, 0.994020494,
2124.030889804, 0.990170270,
2124.051321520, 0.991599259,
2124.071753336, 0.992384193,
2124.092184952, 0.990618672,
2124.112616668, 0.988878597,
2124.133048485, 0.989312320,
2124.153480201, 0.989451271,
2124.173911818, 0.989619952,
2124.194343635, 0.990145809,
2124.235207071, 0.983217082,
2124.255638788, 0.984355175,
2124.276070507, 0.980684053,
2124.296502325, 0.982275460,
2124.316933943, 0.981706577,
2124.337365662, 0.981653317,
2124.357797481, 0.982040851,
2124.378229100, 0.985195055,
2124.398660920, 0.986085845,
2124.419092639, 0.990146300,
2124.439524259, 0.991404202,
2124.480387800, 0.990374706,
2124.500819420, 0.994916648,
2124.521251241, 0.993118407,
2124.541682962, 0.999265872,
2124.562114683, 1.000192710,
2124.582546404, 1.000224924,
2124.602978126, 1.003006814,
2124.623409848, 1.003560585,
2124.643841570, 1.003635411,
2124.664273293, 1.006514656,
2124.684705015, 1.005719048,
2124.746000184, 1.014025251,
2124.766431908, 1.012394203,
2124.786863731, 1.010189257,
2124.807295455, 1.011875982,
2124.827727080, 1.016079681,
2124.848158904, 1.017841706,
2124.868590628, 1.017155310,
2124.889022253, 1.017974388,
2124.909454078, 1.018562498,
2124.929885804, 1.018578145,
2124.991180981, 1.007200249,
2125.011612807, 1.001149204,
2125.032044434, 0.998585963,
2125.052476160, 1.001952130,
2125.072907987, 1.001195040,
2125.093339614, 1.004184830,
2125.113771342, 1.007934584,
2125.134203170, 1.013448360,
2125.154634797, 1.012382052,
2125.175066625, 1.011617533,
2125.195498354, 1.009779225,
2125.215929982, 1.007492558,
2125.236361811, 1.005524097,
2125.256793540, 1.003808754,
2125.277225269, 1.001322423,
2125.297656999, 0.996336711,
2125.318088729, 0.989728273,
2125.338520459, 0.986034980,
2125.358952189, 0.982483114,
2125.379383919, 0.976840769,
2125.399815650, 0.968509023,
2125.461110843, 0.960306729,
2125.481542575, 0.967253941,
2125.501974407, 0.968370720,
2125.522406139, 0.978145747,
2125.542837771, 0.986471473,
2125.563269603, 0.988876362,
2125.583701336, 0.993612480,
2125.604132969, 0.997512746,
2125.624564802, 1.003715187,
2125.644996536, 1.004459986,
2125.665428170, 1.006058621,
2125.706291738, 1.007008901,
2125.726723572, 1.005033665,
2125.747155207, 1.003463901,
2125.767586942, 1.004447897,
2125.788018777, 1.003413048,
2125.808450412, 1.002406560,
2125.828882148, 1.006195693,
2125.849313984, 1.005980127,
2125.869745620, 1.006851792,
2125.890177457, 1.005926658,
2125.910609193, 1.006219932,
2125.951472667, 1.003809707,
2125.971904304, 1.006448435,
2125.992336142, 1.008502249,
2126.012767880, 1.006142669,
2126.033199618, 1.004161078,
2126.053631256, 1.005304239,
2126.074063095, 1.003688179,
2126.094494833, 1.002872591,
2126.114926572, 1.002419229,
2126.135358312, 1.000444727,
2126.155790051, 1.002823618,
2126.196653531, 0.998635273,
2126.217085271, 0.996379706,
2126.237517112, 0.995177928,
2126.257948752, 0.995442640,
2126.278380593, 0.994538791,
2126.298812334, 0.994592839,
2126.319243976, 0.995313410,
2126.339675818, 0.992666644,
2126.360107560, 0.993978673,
2126.380539202, 0.988261495,
2126.400971044, 0.993319609,
2126.441834430, 0.987980055,
2126.462266273, 0.988504407,
2126.482698016, 0.989037368,
2126.503129860, 0.986893430,
2126.523561504, 0.984568470,
2126.543993248, 0.987088730,
2126.564425093, 0.988237715,
2126.584856837, 0.989952607,
2126.605288482, 0.992596974,
2126.625720227, 0.988533326,
2126.687015564, 1.002596140,
2126.707447211, 1.006979809,
2126.727879057, 1.007279105,
2126.748310804, 1.003851476,
2126.768742450, 1.003428876,
2126.789174298, 1.003200435,
2126.809606045, 1.004532713,
2126.830037893, 1.006562802,
2126.850469541, 1.008181494,
2126.870901289, 1.006107029,
2126.891333137, 1.007586029,
2126.952628384, 1.008836722,
2126.973060033, 1.009549595,
2126.993491783, 1.009248321,
2127.013923633, 1.008076374,
2127.034355283, 1.007753823,
2127.054787134, 1.009519228,
2127.075218884, 1.009771506,
2127.095650535, 1.009499386,
2127.116082386, 1.011365240,
2127.136514138, 1.011676943,
2127.197809394, 1.003288554,
2127.218241246, 1.003060152,
2127.238672899, 1.004713188,
2127.259104652, 1.005312491,
2127.279536405, 1.002284643,
2127.299968159, 0.997898172,
2127.320399912, 0.995165513,
2127.340831766, 0.990241002,
2127.361263421, 0.984200726,
2127.381695175, 0.979573809,
2127.422558685, 0.983826933,
2127.442990540, 0.985818092,
2127.463422296, 0.985079126,
2127.483853952, 0.980383123,
2127.504285808, 0.976838307,
2127.524717564, 0.973602011,
2127.545149221, 0.970045962,
2127.565581078, 0.973249728,
2127.586012835, 0.961945116,
2127.606444692, 0.957286668,
2127.626876350, 0.954922381,
2127.688171624, 0.940968171,
2127.708603383, 0.932123947,
2127.729035242, 0.931862690,
2127.749466901, 0.934038358,
2127.769898761, 0.936470820,
2127.790330520, 0.948200587,
2127.810762280, 0.956653090,
2127.831194041, 0.960393181,
2127.851625801, 0.964259528,
2127.892489323, 0.964583229,
2127.912921084, 0.969658553,
2127.933352846, 0.968698294,
2127.953784607, 0.968480979,
2127.974216370, 0.970358435,
2127.994648232, 0.975327159,
2128.015079894, 0.977725098,
2128.035511657, 0.980240090,
2128.055943520, 0.982684471,
2128.076375184, 0.978523650,
2128.096806948, 0.973646291,
2128.117238811, 0.975451912,
2128.158102340, 0.976423099,
2128.178534105, 0.981237599,
2128.198965770, 0.978517183,
2128.219397635, 0.975753675,
2128.239829401, 0.977737620,
2128.260261066, 0.979776965,
2128.280692932, 0.979791437,
2128.301124699, 0.981107870,
2128.321556365, 0.986045399,
2128.341988232, 0.981240374,
2128.362419999, 0.989050284,
2128.423715302, 0.984705918,
2128.444147170, 0.979836199,
2128.464578939, 0.990723730,
2128.485010608, 0.989983289,
2128.505442477, 0.989239232,
2128.525874246, 0.985091247,
2128.546306016, 0.986527121,
2128.566737785, 0.982397638,
2128.587169555, 0.985616255,
2128.607601326, 0.984933395,
2128.628033096, 0.983950435,
2128.648464867, 0.982912457,
2128.668896639, 0.982678395,
2128.689328410, 0.984927843,
2128.709760282, 0.986590364,
2128.730191954, 0.986189246,
2128.750623726, 0.986295956,
2128.771055599, 0.987236885,
2128.791487271, 0.982664273,
2128.811919044, 0.986624229,
2128.832350918, 0.976692397,
2128.852782591, 0.962991024,
2128.914077914, 0.988627847,
2128.934509789, 0.987697235,
2128.954941564, 0.986356041,
2128.975373339, 0.986090312,
2128.995805114, 0.989199984,
2129.016236890, 0.990475147,
2129.036668666, 0.992298777,
2129.057100443, 0.994532141,
2129.077532219, 0.998609174,
2129.097964096, 1.002196180,
2129.159259429, 0.994870189,
2129.179691207, 0.995010065,
2129.200122885, 0.994386874,
2129.220554764, 0.991604629,
2129.240986543, 0.993095747,
2129.261418322, 0.995698607,
2129.281850101, 0.997072547,
2129.302281881, 0.999682052,
2129.322713661, 0.998221388,
2129.343145441, 0.998242776,
2129.384009002, 0.992333205,
2129.404440784, 0.990099782,
2129.424872465, 0.990678196,
2129.445304347, 0.990110011,
2129.465736128, 0.994038980,
2129.486168011, 0.996794788,
2129.506599693, 1.002972052,
2129.527031476, 1.003269651,
2129.547463359, 1.005965477,
2129.567895042, 1.013436270,
2129.588326826, 1.015121406,
2129.649622279, 1.014602862,
2129.670054063, 1.013347586,
2129.690485848, 1.016411923,
2129.710917634, 1.012782624,
2129.731349419, 1.015469955,
2129.751781205, 1.018516041,
2129.772212991, 1.017592966,
2129.792644778, 1.017067000,
2129.813076565, 1.017673503,
2129.833508452, 1.018745535,
2129.874372026, 1.016653557,
2129.894803814, 1.018993540,
2129.915235503, 1.017155655,
2129.935667391, 1.022630031,
2129.956099180, 1.021846256,
2129.976530869, 1.019232552,
2129.996962758, 1.018379529,
2130.017394448, 1.019446019,
2130.037826338, 1.018378536,
2130.058258128, 1.018277630,
2130.078689818, 1.019047309,
2130.119553500, 1.017849035,
2130.139985191, 1.019048768,
2130.160417083, 1.016230026,
2130.180848875, 1.014154934,
2130.201280767, 1.010375726,
2130.221712459, 1.004662817,
2130.242144252, 0.999544234,
2130.262576145, 0.991941362,
2130.283007838, 1.004129138,
2130.303439632, 1.000642851,
2130.323871526, 0.990663450,
2130.364735015, 0.971664986,
2130.385166909, 0.962135160,
2130.405598705, 0.957446672,
2130.426030500, 0.955672177,
2130.446462296, 0.956226259,
2130.466894091, 0.955502460,
2130.487325988, 0.949879639,
2130.507757684, 0.941442942,
2130.528189481, 0.937157473,
2130.548621378, 0.943753002,
2130.569053076, 0.949503640,
2130.630348470, 0.954452500,
2130.650780368, 0.970740243,
2130.671212067, 0.984611397,
2130.691643866, 0.996037122,
2130.712075766, 1.001774301,
2130.732507465, 1.002106536,
2130.752939366, 0.997070327,
2130.773371166, 0.997923235,
2130.793802867, 1.002157338,
2130.814234767, 0.991976287,
2130.875530172, 0.997237593,
2130.895961974, 0.997258244,
2130.916393777, 0.997709642,
2130.936825579, 0.999654037,
2130.957257382, 0.998826343,
2130.977689286, 1.001169276,
2130.998121089, 0.999860172,
2131.018552793, 1.001494994,
2131.038984697, 1.001426743,
2131.059416502, 1.001933147,
2131.120711917, 0.999279959,
2131.141143723, 1.000569898,
2131.161575529, 1.002741412,
2131.182007335, 1.004056480,
2131.202439242, 1.005386251,
2131.222870949, 1.006755227,
2131.243302756, 1.007858389,
2131.263734563, 1.005989109,
2131.284166371, 1.004798849,
2131.304598279, 1.001416644,
2131.365893705, 0.986963219,
2131.386325414, 0.988088822,
2131.406757224, 0.991780434,
2131.427189134, 0.991931407,
2131.447620844, 0.992232389,
2131.468052655, 0.990591915,
2131.488484566, 1.000337401,
2131.508916277, 0.996541437,
2131.529348188, 0.998572314,
2131.549780000, 0.999773404,
2131.590643624, 0.996950732,
2131.611075437, 0.998595599,
2131.631507250, 0.997699286,
2131.651939163, 0.999596501,
2131.672370876, 1.000826026,
2131.692802790, 1.003759357,
2131.713234604, 1.005608833,
2131.733666319, 1.009143756,
2131.754098234, 1.010253359,
2131.774530049, 1.015021637,
2131.794961764, 1.014300118,
2131.876689129, 1.011002335,
2131.897120946, 1.010731331,
2131.917552763, 1.014345548,
2131.937984580, 1.014068334,
2131.958416398, 1.015039838,
2131.978848216, 1.016259120,
2131.999280035, 1.015643535,
2132.019711853, 1.017485414,
2132.040143672, 1.017234424,
2132.060575492, 1.017838465,
2132.081007412, 1.018408909,
2132.101439132, 1.016941324,
2132.121870952, 1.017204100,
2132.142302872, 1.021353121,
2132.162734593, 1.024770238,
2132.183166415, 1.022828560,
2132.203598336, 1.024472730,
2132.224030158, 1.023901932,
2132.244461980, 1.028037775,
2132.264893803, 1.026694921,
2132.285325625, 1.028587279,
2132.326189272, 1.015287485,
2132.346621096, 1.013476631,
2132.367053020, 1.019770425,
2132.387484744, 1.016900498,
2132.407916669, 1.016778111,
2132.428348494, 1.013740777,
2132.448780219, 1.011839215,
2132.469212145, 1.012959601,
2132.489643970, 1.013016913,
2132.510075697, 1.012502853,
2132.530507623, 1.011178242,
2132.571371177, 1.005303946,
2132.591803105, 0.998997154,
2132.612234933, 0.999053433,
2132.632666761, 1.004027015,
2132.653098589, 1.000443227,
2132.673530318, 0.999641662,
2132.693962247, 0.999009796,
2132.714394076, 1.000838810,
2132.734825906, 1.002496486,
2132.755257736, 1.003398009,
2132.775689566, 1.002791861,
2132.836985059, 0.997854348,
2132.857416991, 0.996672439,
2132.877848823, 0.992395727,
2132.898280555, 0.989972326,
2132.918712488, 0.986776934,
2132.939144320, 0.985618961,
2132.959576154, 0.987971578,
2132.980007987, 0.994650806,
2133.000439821, 1.005054407,
2133.020871755, 1.004260231,
2133.082167259, 1.002213423,
2133.102598995, 1.004668001,
2133.123030931, 1.003851390,
2133.143462767, 1.004265616,
2133.163894503, 1.003257493,
2133.184326440, 1.001820583,
2133.204758277, 1.004680623,
2133.225190014, 1.006269317,
2133.245621952, 1.007364021,
2133.266053790, 1.008080795,
2133.306917467, 1.000445090,
2133.327349206, 1.002357465,
2133.347781145, 1.002013748,
2133.368212985, 1.000040389,
2133.388644725, 0.998072649,
2133.409076665, 1.000716277,
2133.429508505, 1.001143780,
2133.449940346, 1.001757385,
2133.470372187, 1.003370170,
2133.490804029, 1.002950696,
2133.511235971, 1.004056367,
2133.552099556, 1.002214557,
2133.572531499, 0.998472692,
2133.592963342, 0.994801680,
2133.613395085, 0.989989830,
2133.633827029, 0.988916768,
2133.654258873, 0.990785015,
2133.674690818, 0.989654442,
2133.695122563, 0.996441595,
2133.715554408, 0.996029873,
2133.735986353, 0.992887405,
2133.756418099, 0.989036320,
2133.776849945, 0.984754734,
2133.797281892, 0.983444512,
2133.817713638, 0.984428373,
2133.838145485, 0.984644654,
2133.858577433, 0.988790568,
2133.879009181, 0.990983285,
2133.899441129, 0.991675722,
2133.919872977, 0.992766474,
2133.940304726, 0.995385852,
2133.960736675, 0.995142741,
2134.062895925, 1.007217134,
2134.083327776, 1.005412507,
2134.103759628, 1.008282815,
2134.124191480, 1.013448314,
2134.144623332, 1.029214868,
2134.165055184, 1.036767564,
2134.185487037, 1.029523776,
2134.205918890, 1.025172441,
2134.226350743, 1.025204373,
2134.246782697, 1.024506629,
2134.267214451, 1.027731151,
2134.287646405, 1.028248417,
2134.308078260, 1.029902957,
2134.348941971, 1.026968273,
2134.369373826, 1.022536334,
2134.389805582, 1.013569347,
2134.430669396, 1.017718421,
2134.451101353, 1.000324228,
2134.471533110, 1.000365054,
2134.491964968, 0.981123661,
2134.553260543, 0.992790437,
2134.573692402, 0.988618693,
2134.594124261, 0.984072106,
2134.614556221, 0.984251353,
2134.634988081, 0.985881763,
2134.655419842, 0.987200125,
2134.675851802, 0.986476302,
2134.696283564, 0.987866117,
2134.716715425, 0.991879786,
2134.737147387, 0.991825286,
2134.798442974, 0.985276406,
2134.818874837, 0.984828607,
2134.839306701, 0.985127749,
2134.859738564, 0.987162984,
2134.880170429, 0.986184486,
2134.900602393, 0.988841172,
2134.921034158, 0.988164762,
2134.941466023, 0.989776491,
2134.961897989, 0.988129814,
2134.982329755, 0.984598363,
2135.043625354, 0.966851586,
2135.064057321, 0.963656720,
2135.084489189, 0.965780125,
2135.104920957, 0.969756524,
2135.125352925, 0.974721384,
2135.145784794, 0.981246190,
2135.166216763, 0.984267664,
2135.186648532, 0.986689648,
2135.207080402, 0.988362427,
2135.227512371, 0.991838397,
2135.268376013, 1.004529561,
2135.288807984, 0.998268508,
2135.309239755, 1.001757667,
2135.329671626, 1.002727264,
2135.370535371, 1.005706437,
2135.390967344, 1.005364476,
2135.411399217, 1.003685062,
2135.431830990, 1.003855109,
2135.452262964, 1.000041825,
2135.472694838, 0.995146973,
2135.533990462, 0.990518617,
2135.554422438, 0.992960316,
2135.574854214, 0.995569981,
2135.595286090, 0.994943085,
2135.615718067, 0.993529846,
2135.636149843, 0.993003537,
2135.656581721, 0.992936082,
2135.677013698, 0.991052783,
2135.697445476, 0.992340254,
2135.717877454, 0.991420947,
2135.779173091, 0.995988583,
2135.799604971, 0.989667286,
2135.820036751, 0.987219555,
2135.840468731, 0.980880547,
2135.881332493, 0.977973941,
2135.901764375, 0.977105459,
2135.922196256, 0.983024187,
2135.942628239, 0.988095711,
2135.963060021, 0.989766857,
2135.983491904, 0.990749763,
2136.003923787, 0.991313110,
2136.024355670, 0.993515796,
2136.044787554, 0.992052569,
2136.065219539, 0.993047143,
2136.085651323, 0.994112737,
2136.106083308, 0.993522837,
2136.126515193, 0.993411972,
2136.146946979, 0.991411299,
2136.167378965, 0.989175686,
2136.187810851, 0.993262797,
2136.208242638, 0.999111480,
2136.249106513, 1.001967721,
2136.269538500, 1.003534407,
2136.289970289, 1.002565940,
2136.310402177, 1.005008512,
2136.330834166, 1.002148090,
2136.351265955, 1.001487267,
2136.371697845, 1.010391974,
2136.412561625, 1.006751801,
2136.432993515, 0.989610484,
2136.453425507, 0.978127829,
2136.514721181, 1.024405538,
2136.535153074, 1.024860020,
2136.555584967, 1.026883753,
2136.576016860, 1.027363780,
2136.596448753, 1.028239428,
2136.616880647, 1.027585271,
2136.637312541, 1.026693644,
2136.657744436, 1.023568895,
2136.678176331, 1.016686598,
2136.698608226, 1.012599844,
2136.759903914, 1.014550558,
2136.780335911, 1.011134870,
2136.800767708, 1.010677161,
2136.821199705, 1.007609566,
2136.841631603, 1.006966673,
2136.862063401, 1.002993202,
2136.882495400, 1.000950846,
2136.902927299, 0.997443734,
2136.923359098, 0.996382375,
2136.943791097, 0.993180951,
2137.005086798, 0.983581706,
2137.025518700, 0.989593080,
2137.045950701, 0.991578748,
2137.066382503, 0.993723751,
2137.086814405, 0.998514967,
2137.107246407, 1.002982085,
2137.127678210, 1.001006759,
2137.148110113, 0.999039557,
2137.168542117, 1.002727271,
2137.188974021, 1.006482740,
2137.250269735, 1.004284506,
2137.270701641, 1.000919958,
2137.291133547, 0.996337948,
2137.311565453, 0.991786876,
2137.331997359, 0.990167224,
2137.352429266, 0.990071903,
2137.372861173, 0.988862320,
2137.393293081, 0.988446654,
2137.413724989, 0.993206819,
2137.434156997, 0.995866101,
2137.495452725, 0.998143732,
2137.515884534, 1.000905921,
2137.536316545, 1.005481958,
2137.556748455, 1.010514946,
2137.577180266, 1.007938262,
2137.597612277, 1.008189645,
2137.618044189, 1.007855755,
2137.638476001, 1.008367949,
2137.658908013, 1.008550519,
2137.679339926, 1.008629046,
2137.720203753, 1.003235261,
2137.740635667, 1.001905914,
2137.761067681, 0.999931861,
2137.781499496, 0.998888738,
2137.801931411, 1.000791168,
2137.822363426, 1.000138636,
2137.842795242, 0.999263138,
2137.863227158, 0.999115800,
2137.904091091, 0.995630445,
2137.924523009, 0.994375820,
2137.965386744, 0.994199856,
2137.985818763, 0.993801327,
2138.006250681, 0.993993004,
2138.026682500, 0.994827733,
2138.047114520, 0.993080204,
2138.067546440, 0.992671860,
2138.087978460, 0.992076536,
2138.108410281, 0.989829385,
2138.128842202, 0.984945007,
2138.149274223, 0.992129078,
2138.169706045, 0.998505627,
2138.231001812, 0.990793476,
2138.251433835, 0.992702454,
2138.271865759, 0.991752310,
2138.292297583, 0.996655803,
2138.312729607, 1.000053558,
2138.333161532, 1.001894175,
2138.353593357, 1.001091613,
2138.374025382, 1.001109469,
2138.394457308, 1.000069620,
2138.414889235, 0.999745072,
2138.435321161, 1.003198137,
2138.455753088, 1.003628419,
2138.476185115, 1.005020313,
2138.496616943, 1.005771339,
2138.517048872, 1.006687797,
2138.557912829, 1.004202252,
2138.578344658, 1.000676757,
2138.598776688, 0.996217039,
2138.619208518, 1.004514388,
2138.639640548, 1.003222104,
2138.660072479, 1.001139118,
2138.721368274, 0.997370420,
2138.741800106, 0.999992091,
2138.762232139, 1.000962016,
2138.782664072, 1.005167288,
